1    A    1.0965   [-0.1755,1.0524] 0.8211 498/501
1    A    1.0965   [-0.1755,1.0524] 0.8211 498/501
2    V    2.5245   [1.0524,2.6954] 0.7540 498/501
3    E    -0.1070  [-0.4707,0.2357] 0.4038 500/501
4    T    -0.2291  [-0.5109,-0.1755] 0.2880 500/501
5    F    -0.4657  [-0.5336,-0.5109] 0.1940 500/501
6    A    -0.2101  [-0.4707,-0.1755] 0.3062 500/501
7    F    -0.4657  [-0.5336,-0.5109] 0.1940 500/501
8    Q    -0.4918  [-0.5336,-0.5109] 0.1194 501/501
9    A    -0.2112  [-0.4707,-0.1755] 0.3051 501/501
10   E    -0.1093  [-0.4707,0.2357] 0.4016 501/501
11   I    -0.4992  [-0.5336,-0.5109] 0.0984 501/501
12   A    0.0788   [-0.3771,0.2357] 0.4218 501/501
13   Q    -0.4918  [-0.5336,-0.5109] 0.1194 501/501
14   L    -0.4690  [-0.5336,-0.5109] 0.1848 501/501
15   M    -0.4966  [-0.5336,-0.5109] 0.1056 501/501
16   S    -0.5033  [-0.5336,-0.5109] 0.0866 501/501
17   L    -0.4690  [-0.5336,-0.5109] 0.1848 501/501
18   I    -0.2172  [-0.4707,-0.1755] 0.2996 501/501
19   I    -0.4992  [-0.5336,-0.5109] 0.0984 501/501
20   N    -0.4994  [-0.5336,-0.5109] 0.0977 501/501
21   T    -0.5008  [-0.5336,-0.5109] 0.0938 501/501
22   F    -0.4660  [-0.5336,-0.5109] 0.1932 501/501
23   Y    -0.4626  [-0.5336,-0.5109] 0.2029 501/501
24   S    0.0083   [-0.3771,0.2357] 0.3736 501/501
25   N    -0.4994  [-0.5336,-0.5109] 0.0977 501/501
26   K    -0.4853  [-0.5336,-0.5109] 0.1382 501/501
27   E    -0.4874  [-0.5336,-0.5109] 0.1320 501/501
28   I    -0.1913  [-0.4707,-0.1755] 0.3223 500/501
29   F    0.0981   [-0.4707,0.2357] 0.5977 501/501
30   L    -0.4690  [-0.5336,-0.5109] 0.1848 501/501
31   R    -0.4911  [-0.5336,-0.5109] 0.1216 501/501
32   E    -0.4874  [-0.5336,-0.5109] 0.1320 501/501
33   L    0.5967   [-0.1755,1.0524] 0.7802 501/501
34   I    -0.4992  [-0.5336,-0.5109] 0.0984 501/501
35   S    -0.2506  [-0.5109,-0.1755] 0.2676 501/501
36   N    -0.2203  [-0.4707,-0.1755] 0.2964 501/501
37   S    -0.2518  [-0.5109,-0.1755] 0.2666 501/501
38   S    -0.2555  [-0.5109,-0.1755] 0.2630 501/501
39   D    -0.4918  [-0.5336,-0.5109] 0.1195 501/501
40   A    -0.4985  [-0.5336,-0.5109] 0.1003 501/501
41   L    -0.4690  [-0.5336,-0.5109] 0.1848 501/501
42   D    -0.1506  [-0.4707,-0.1755] 0.3626 501/501
43   K    -0.4853  [-0.5336,-0.5109] 0.1382 501/501
44   I    -0.4992  [-0.5336,-0.5109] 0.0984 501/501
45   R    0.9327   [-0.1755,1.0524] 0.7350 501/501
46   Y    -0.4626  [-0.5336,-0.5109] 0.2029 501/501
47   E    -0.4874  [-0.5336,-0.5109] 0.1320 501/501
48   S    -0.5033  [-0.5336,-0.5109] 0.0866 501/501
49   L    -0.4690  [-0.5336,-0.5109] 0.1848 501/501
50   T    -0.2317  [-0.5109,-0.1755] 0.2856 501/501
51   D    0.1951   [-0.3771,0.2357] 0.5009 501/501
52   P    -0.4742  [-0.5336,-0.5109] 0.1698 501/501
53   S    -0.2554  [-0.5109,-0.1755] 0.2631 501/501
54   K    -0.4853  [-0.5336,-0.5109] 0.1382 501/501
55   L    -0.4690  [-0.5336,-0.5109] 0.1848 501/501
56   D    -0.1496  [-0.4707,-0.1755] 0.3635 501/501
57   S    -0.2392  [-0.5109,-0.1755] 0.2780 501/501
58   G    -0.4671  [-0.5336,-0.5109] 0.1901 501/501
59   K    -0.0900  [-0.4707,0.2357] 0.4196 501/501
60   E    3.5197   [1.0524,2.6954] 1.5967 501/501
61   L    -0.4690  [-0.5336,-0.5109] 0.1848 501/501
62   H    0.5693   [-0.1755,1.0524] 0.6236 501/501
63   I    -0.2174  [-0.4707,-0.1755] 0.2994 501/501
64   N    1.0222   [-0.1755,1.0524] 0.7035 501/501
65   L    1.7918   [0.2357,2.6954] 1.0004 501/501
66   I    1.2410   [0.2357,1.0524] 0.7598 501/501
67   P    -0.4742  [-0.5336,-0.5109] 0.1698 501/501
68   N    0.8939   [-0.1755,1.0524] 0.6296 501/501
69   K    -0.0784  [-0.4707,0.2357] 0.4306 501/501
70   Q    5.8797   [2.6954,6.3310] 1.1994 501/501
71   D    2.0503   [0.2357,2.6954] 0.9028 501/501
72   R    -0.1406  [-0.4707,0.2357] 0.3717 500/501
73   T    0.0432   [-0.3771,0.2357] 0.3974 501/501
74   L    -0.4690  [-0.5336,-0.5109] 0.1848 501/501
75   T    -0.2322  [-0.5109,-0.1755] 0.2851 501/501
76   I    0.8015   [-0.1755,1.0524] 0.6621 501/501
77   V    0.6678   [-0.1755,1.0524] 0.5884 501/501
78   D    -0.4918  [-0.5336,-0.5109] 0.1195 501/501
79   T    -0.2314  [-0.5109,-0.1755] 0.2859 501/501
80   G    -0.4671  [-0.5336,-0.5109] 0.1901 501/501
81   I    0.0662   [-0.3771,0.2357] 0.4137 501/501
82   G    -0.4671  [-0.5336,-0.5109] 0.1901 501/501
83   M    -0.4966  [-0.5336,-0.5109] 0.1056 501/501
84   T    -0.5008  [-0.5336,-0.5109] 0.0938 501/501
85   K    -0.4853  [-0.5336,-0.5109] 0.1382 501/501
86   A    -0.4985  [-0.5336,-0.5109] 0.1003 501/501
87   D    -0.4918  [-0.5336,-0.5109] 0.1195 501/501
88   L    -0.4690  [-0.5336,-0.5109] 0.1848 501/501
89   I    0.9350   [-0.1755,1.0524] 0.6557 501/501
90   N    -0.4994  [-0.5336,-0.5109] 0.0977 501/501
91   N    -0.4994  [-0.5336,-0.5109] 0.0977 501/501
92   L    0.0631   [-0.4707,0.2357] 0.5650 501/501
93   G    0.6333   [-0.1755,1.0524] 0.8040 501/501
94   T    0.3105   [-0.3771,0.2357] 0.4783 501/501
95   I    -0.4992  [-0.5336,-0.5109] 0.0984 501/501
96   A    -0.2116  [-0.4707,-0.1755] 0.3047 501/501
97   K    -0.4853  [-0.5336,-0.5109] 0.1382 501/501
98   S    -0.2554  [-0.5109,-0.1755] 0.2631 501/501
99   G    -0.4671  [-0.5336,-0.5109] 0.1901 501/501
100  T    -0.5008  [-0.5336,-0.5109] 0.0938 501/501
101  K    -0.4853  [-0.5336,-0.5109] 0.1382 501/501
102  A    0.0786   [-0.3771,0.2357] 0.4217 501/501
103  F    -0.4660  [-0.5336,-0.5109] 0.1932 501/501
104  M    -0.4966  [-0.5336,-0.5109] 0.1056 501/501
105  E    -0.4874  [-0.5336,-0.5109] 0.1321 501/501
106  A    -0.4985  [-0.5336,-0.5109] 0.1003 501/501
107  L    -0.4690  [-0.5336,-0.5109] 0.1848 501/501
108  Q    -0.1507  [-0.4707,-0.1755] 0.3620 501/501
109  A    -0.2104  [-0.4707,-0.1755] 0.3058 501/501
110  G    -0.4668  [-0.5336,-0.5109] 0.1910 500/501
111  A    -0.4983  [-0.5336,-0.5109] 0.1008 500/501
112  D    -0.4918  [-0.5336,-0.5109] 0.1195 501/501
113  I    -0.4992  [-0.5336,-0.5109] 0.0984 501/501
114  S    -0.2552  [-0.5109,-0.1755] 0.2633 501/501
115  M    -0.1948  [-0.4707,-0.1755] 0.3204 501/501
116  I    -0.2163  [-0.4707,-0.1755] 0.3005 501/501
117  G    -0.4671  [-0.5336,-0.5109] 0.1901 501/501
118  Q    -0.4918  [-0.5336,-0.5109] 0.1194 501/501
119  F    -0.4660  [-0.5336,-0.5109] 0.1932 501/501
120  G    -0.4671  [-0.5336,-0.5109] 0.1901 501/501
121  V    -0.4983  [-0.5336,-0.5109] 0.1010 501/501
122  G    0.0755   [-0.4707,0.2357] 0.5763 501/501
123  F    -0.4660  [-0.5336,-0.5109] 0.1932 501/501
124  Y    -0.4626  [-0.5336,-0.5109] 0.2029 501/501
125  S    -0.2556  [-0.5109,-0.1755] 0.2629 501/501
126  A    -0.4985  [-0.5336,-0.5109] 0.1003 501/501
127  Y    0.6973   [-0.1755,1.0524] 0.8471 501/501
128  L    -0.4690  [-0.5336,-0.5109] 0.1848 501/501
129  V    -0.4983  [-0.5336,-0.5109] 0.1010 501/501
130  A    -0.4985  [-0.5336,-0.5109] 0.1003 501/501
131  E    -0.4874  [-0.5336,-0.5109] 0.1320 501/501
132  K    -0.4853  [-0.5336,-0.5109] 0.1382 501/501
133  V    -0.4983  [-0.5336,-0.5109] 0.1010 501/501
134  T    0.3216   [-0.3771,0.2357] 0.4843 501/501
135  V    -0.4983  [-0.5336,-0.5109] 0.1010 501/501
136  I    -0.2174  [-0.4707,-0.1755] 0.2994 501/501
137  T    -0.2327  [-0.5109,-0.1755] 0.2847 501/501
138  K    -0.0898  [-0.4707,0.2357] 0.4198 501/501
139  H    -0.4951  [-0.5336,-0.5109] 0.1099 501/501
140  N    -0.2189  [-0.4707,-0.1755] 0.2977 501/501
141  D    -0.1500  [-0.4707,-0.1755] 0.3632 501/501
142  D    -0.4918  [-0.5336,-0.5109] 0.1195 501/501
143  E    -0.4874  [-0.5336,-0.5109] 0.1320 501/501
144  Q    -0.4918  [-0.5336,-0.5109] 0.1194 501/501
145  Y    -0.4626  [-0.5336,-0.5109] 0.2029 501/501
146  A    -0.2115  [-0.4707,-0.1755] 0.3049 501/501
147  W    -0.4006  [-0.5336,-0.4707] 0.3799 501/501
148  E    -0.4874  [-0.5336,-0.5109] 0.1320 501/501
149  S    -0.5033  [-0.5336,-0.5109] 0.0866 501/501
150  S    -0.5033  [-0.5336,-0.5109] 0.0866 501/501
151  A    0.0792   [-0.3771,0.2357] 0.4221 501/501
152  G    -0.4671  [-0.5336,-0.5109] 0.1901 501/501
153  G    -0.4671  [-0.5336,-0.5109] 0.1901 501/501
154  S    -0.2555  [-0.5109,-0.1755] 0.2630 501/501
155  F    -0.4660  [-0.5336,-0.5109] 0.1932 501/501
156  T    -0.5008  [-0.5336,-0.5109] 0.0938 501/501
157  V    -0.4983  [-0.5336,-0.5109] 0.1010 501/501
158  R    1.3222   [0.2357,1.0524] 0.8465 501/501
159  T    1.7543   [0.2357,2.6954] 0.8788 501/501
160  D    -0.4918  [-0.5336,-0.5109] 0.1195 501/501
161  T    6.1995   [2.6954,6.3310] 0.6788 470/501
162  G    1.4726   [0.2357,2.6954] 0.9751 501/501
163  E    -0.4874  [-0.5336,-0.5109] 0.1320 501/501
164  P    0.0131   [-0.4707,0.2357] 0.5169 501/501
165  M    2.6307   [1.0524,2.6954] 0.9250 501/501
166  G    0.0774   [-0.4707,0.2357] 0.5781 501/501
167  R    0.2077   [-0.3771,0.2357] 0.5091 501/501
168  G    -0.4671  [-0.5336,-0.5109] 0.1901 501/501
169  T    -0.5008  [-0.5336,-0.5109] 0.0938 501/501
170  K    -0.4853  [-0.5336,-0.5109] 0.1382 501/501
171  V    -0.2083  [-0.4707,-0.1755] 0.3081 501/501
172  I    2.2163   [0.2357,2.6954] 0.8054 501/501
173  L    0.0597   [-0.4707,0.2357] 0.5619 501/501
174  H    0.4548   [-0.1755,1.0524] 0.5565 501/501
175  L    -0.4690  [-0.5336,-0.5109] 0.1848 501/501
176  K    -0.0877  [-0.4707,0.2357] 0.4218 501/501
177  E    -0.1099  [-0.4707,0.2357] 0.4011 501/501
178  D    -0.4918  [-0.5336,-0.5109] 0.1195 501/501
179  Q    -0.1506  [-0.4707,-0.1755] 0.3622 501/501
180  T    0.5981   [-0.1755,1.0524] 0.5506 501/501
181  E    -0.4874  [-0.5336,-0.5109] 0.1320 501/501
182  Y    -0.4626  [-0.5336,-0.5109] 0.2029 501/501
183  L    2.6560   [1.0524,2.6954] 1.3332 501/501
184  E    -0.4874  [-0.5336,-0.5109] 0.1320 501/501
185  E    0.2694   [-0.3771,0.2357] 0.5524 501/501
186  R    1.2879   [0.2357,1.0524] 0.8330 501/501
187  R    -0.4911  [-0.5336,-0.5109] 0.1216 501/501
188  I    1.8823   [0.2357,2.6954] 0.8680 501/501
189  K    -0.4853  [-0.5336,-0.5109] 0.1382 501/501
190  E    -0.1099  [-0.4707,0.2357] 0.4010 501/501
191  I    0.3653   [-0.1755,1.0524] 0.5087 501/501
192  V    -0.4983  [-0.5336,-0.5109] 0.1010 501/501
193  K    0.3083   [-0.3771,1.0524] 0.5790 501/501
194  K    -0.4853  [-0.5336,-0.5109] 0.1382 501/501
195  H    -0.4951  [-0.5336,-0.5109] 0.1099 501/501
196  S    -0.5033  [-0.5336,-0.5109] 0.0866 501/501
197  Q    -0.4918  [-0.5336,-0.5109] 0.1194 501/501
198  F    0.0868   [-0.4707,0.2357] 0.5871 501/501
199  I    -0.2171  [-0.4707,-0.1755] 0.2997 501/501
200  G    -0.4671  [-0.5336,-0.5109] 0.1901 501/501
201  Y    0.1172   [-0.4707,0.2357] 0.6160 501/501
202  P    -0.4742  [-0.5336,-0.5109] 0.1698 501/501
203  I    -0.2175  [-0.4707,-0.1755] 0.2994 501/501
204  T    0.0479   [-0.3771,0.2357] 0.4007 501/501
205  L    -0.4690  [-0.5336,-0.5109] 0.1848 500/501
206  F    1.2208   [-0.1755,1.0524] 0.9878 500/501
207  V    1.3120   [0.2357,1.0524] 0.7928 499/501
208  E    5.0290   [1.0524,6.3310] 1.7538 335/501
209  K    3.3509   [1.0524,2.6954] 1.5475 333/501
