1    H    -0.1754  [-0.3060,-0.3022] 0.6085 201/201
1    H    -0.1754  [-0.3060,-0.3022] 0.6085 201/201
2    P    -0.1051  [-0.3060,-0.3022] 1.0448 201/201
3    E    -0.1492  [-0.3060,-0.3022] 0.7889 201/201
4    T    -0.1908  [-0.3060,-0.3022] 0.5069 201/201
5    L    -0.0841  [-0.3060,-0.2843] 1.1565 201/201
6    V    -0.1828  [-0.3060,-0.3022] 0.5654 201/201
7    K    -0.1425  [-0.3060,-0.3022] 0.8298 201/201
8    V    -0.1828  [-0.3060,-0.3022] 0.5654 201/201
9    K    -0.1425  [-0.3060,-0.3022] 0.8298 201/201
10   D    -0.1635  [-0.3060,-0.3022] 0.6944 201/201
11   A    -0.1842  [-0.3060,-0.3022] 0.5525 201/201
12   E    -0.1492  [-0.3060,-0.3022] 0.7889 201/201
13   D    -0.1635  [-0.3060,-0.3022] 0.6944 201/201
14   Q    -0.1651  [-0.3060,-0.3022] 0.6800 201/201
15   L    -0.0841  [-0.3060,-0.2843] 1.1565 201/201
16   G    -0.0787  [-0.3060,-0.2843] 1.1821 201/201
17   A    -0.1842  [-0.3060,-0.3022] 0.5525 201/201
18   R    -0.1620  [-0.3060,-0.3022] 0.7026 201/201
19   V    -0.1828  [-0.3060,-0.3022] 0.5654 201/201
20   G    -0.0787  [-0.3060,-0.2843] 1.1821 201/201
21   Y    -0.0619  [-0.3060,-0.2843] 1.2629 201/201
22   I    -0.1855  [-0.3060,-0.3022] 0.5464 201/201
23   E    -0.1492  [-0.3060,-0.3022] 0.7889 201/201
24   L    -0.0841  [-0.3060,-0.2843] 1.1565 201/201
25   D    -0.1635  [-0.3060,-0.3022] 0.6944 201/201
26   L    -0.0841  [-0.3060,-0.2843] 1.1565 201/201
27   N    -0.1872  [-0.3060,-0.3022] 0.5296 201/201
28   S    -0.1976  [-0.3060,-0.3022] 0.4640 201/201
29   G    -0.0787  [-0.3060,-0.2843] 1.1821 201/201
30   K    -0.1425  [-0.3060,-0.3022] 0.8298 201/201
31   I    -0.1855  [-0.3060,-0.3022] 0.5464 201/201
32   L    -0.0841  [-0.3060,-0.2843] 1.1565 201/201
33   E    -0.1492  [-0.3060,-0.3022] 0.7889 201/201
34   S    -0.1976  [-0.3060,-0.3022] 0.4640 201/201
35   F    -0.0745  [-0.3060,-0.2843] 1.2026 201/201
36   R    -0.1620  [-0.3060,-0.3022] 0.7026 201/201
37   P    -0.1051  [-0.3060,-0.3022] 1.0448 201/201
38   E    -0.1492  [-0.3060,-0.3022] 0.7889 201/201
39   E    -0.1492  [-0.3060,-0.3022] 0.7889 201/201
40   R    -0.1620  [-0.3060,-0.3022] 0.7026 201/201
41   F    -0.0745  [-0.3060,-0.2843] 1.2026 201/201
42   P    -0.1051  [-0.3060,-0.3022] 1.0448 201/201
43   M    -0.1797  [-0.3060,-0.3022] 0.5785 201/201
44   M    2.4740   [-0.1980,1.7701] 3.8098 201/201
45   S    -0.1976  [-0.3060,-0.3022] 0.4640 201/201
46   T    -0.1908  [-0.3060,-0.3022] 0.5069 201/201
47   F    -0.0745  [-0.3060,-0.2843] 1.2026 201/201
48   K    -0.1425  [-0.3060,-0.3022] 0.8298 201/201
49   V    -0.1828  [-0.3060,-0.3022] 0.5654 201/201
50   L    -0.0841  [-0.3060,-0.2843] 1.1565 201/201
51   L    -0.0841  [-0.3060,-0.2843] 1.1565 201/201
52   C    -0.0465  [-0.3060,-0.2843] 1.3328 201/201
53   G    -0.0787  [-0.3060,-0.2843] 1.1821 201/201
54   A    -0.1842  [-0.3060,-0.3022] 0.5525 201/201
55   V    -0.1828  [-0.3060,-0.3022] 0.5654 201/201
56   L    -0.0841  [-0.3060,-0.2843] 1.1565 201/201
57   S    -0.1976  [-0.3060,-0.3022] 0.4640 201/201
58   R    -0.1620  [-0.3060,-0.3022] 0.7026 201/201
59   V    -0.1828  [-0.3060,-0.3022] 0.5654 201/201
60   D    -0.1635  [-0.3060,-0.3022] 0.6944 201/201
61   A    -0.1842  [-0.3060,-0.3022] 0.5525 201/201
62   G    -0.0787  [-0.3060,-0.2843] 1.1821 201/201
63   Q    -0.1651  [-0.3060,-0.3022] 0.6800 201/201
64   E    -0.1492  [-0.3060,-0.3022] 0.7889 201/201
65   Q    -0.1651  [-0.3060,-0.3022] 0.6800 201/201
66   L    -0.0841  [-0.3060,-0.2843] 1.1565 201/201
67   G    -0.0787  [-0.3060,-0.2843] 1.1821 201/201
68   R    -0.1620  [-0.3060,-0.3022] 0.7026 201/201
69   R    -0.1620  [-0.3060,-0.3022] 0.7026 201/201
70   I    -0.1855  [-0.3060,-0.3022] 0.5464 201/201
71   H    -0.1754  [-0.3060,-0.3022] 0.6085 201/201
72   Y    -0.0619  [-0.3060,-0.2843] 1.2629 201/201
73   S    -0.1976  [-0.3060,-0.3022] 0.4640 201/201
74   Q    -0.1651  [-0.3060,-0.3022] 0.6800 201/201
75   N    -0.1872  [-0.3060,-0.3022] 0.5296 201/201
76   D    -0.1635  [-0.3060,-0.3022] 0.6944 201/201
77   L    -0.0841  [-0.3060,-0.2843] 1.1565 201/201
78   V    -0.1828  [-0.3060,-0.3022] 0.5654 201/201
79   E    3.8366   [0.1772,1.7701] 5.0393 201/201
80   Y    -0.0619  [-0.3060,-0.2843] 1.2629 201/201
81   S    -0.1976  [-0.3060,-0.3022] 0.4640 201/201
82   P    -0.1051  [-0.3060,-0.3022] 1.0448 201/201
83   V    -0.1828  [-0.3060,-0.3022] 0.5654 201/201
84   T    -0.1908  [-0.3060,-0.3022] 0.5069 201/201
85   E    -0.1492  [-0.3060,-0.3022] 0.7889 201/201
86   K    -0.1425  [-0.3060,-0.3022] 0.8298 201/201
87   H    -0.1754  [-0.3060,-0.3022] 0.6085 201/201
88   L    -0.0841  [-0.3060,-0.2843] 1.1565 201/201
89   T    -0.1908  [-0.3060,-0.3022] 0.5069 201/201
90   D    -0.1635  [-0.3060,-0.3022] 0.6944 201/201
91   G    -0.0787  [-0.3060,-0.2843] 1.1821 201/201
92   M    -0.1797  [-0.3060,-0.3022] 0.5785 201/201
93   T    -0.1908  [-0.3060,-0.3022] 0.5069 201/201
94   V    2.4449   [-0.1980,1.7701] 3.7842 201/201
95   R    -0.1620  [-0.3060,-0.3022] 0.7026 201/201
96   E    -0.1492  [-0.3060,-0.3022] 0.7889 201/201
97   L    -0.0841  [-0.3060,-0.2843] 1.1565 201/201
98   C    -0.0465  [-0.3060,-0.2843] 1.3328 201/201
99   S    -0.1976  [-0.3060,-0.3022] 0.4640 201/201
100  A    -0.1842  [-0.3060,-0.3022] 0.5525 201/201
101  A    -0.1842  [-0.3060,-0.3022] 0.5525 201/201
102  I    -0.1855  [-0.3060,-0.3022] 0.5464 201/201
103  T    -0.1908  [-0.3060,-0.3022] 0.5069 201/201
104  M    -0.1797  [-0.3060,-0.3022] 0.5785 201/201
105  S    -0.1976  [-0.3060,-0.3022] 0.4640 201/201
106  D    -0.1635  [-0.3060,-0.3022] 0.6944 201/201
107  N    -0.1872  [-0.3060,-0.3022] 0.5296 201/201
108  T    -0.1908  [-0.3060,-0.3022] 0.5069 201/201
109  A    -0.1842  [-0.3060,-0.3022] 0.5525 201/201
110  A    -0.1842  [-0.3060,-0.3022] 0.5525 201/201
111  N    -0.1872  [-0.3060,-0.3022] 0.5296 201/201
112  L    -0.0841  [-0.3060,-0.2843] 1.1565 201/201
113  L    -0.0841  [-0.3060,-0.2843] 1.1565 201/201
114  L    -0.0841  [-0.3060,-0.2843] 1.1565 201/201
115  T    -0.1908  [-0.3060,-0.3022] 0.5069 201/201
116  T    -0.1908  [-0.3060,-0.3022] 0.5069 201/201
117  I    -0.1855  [-0.3060,-0.3022] 0.5464 201/201
118  G    -0.0787  [-0.3060,-0.2843] 1.1821 201/201
119  G    -0.0787  [-0.3060,-0.2843] 1.1821 201/201
120  P    -0.1051  [-0.3060,-0.3022] 1.0448 201/201
121  K    -0.1425  [-0.3060,-0.3022] 0.8298 201/201
122  E    -0.1492  [-0.3060,-0.3022] 0.7889 201/201
123  L    -0.0841  [-0.3060,-0.2843] 1.1565 201/201
124  T    -0.1908  [-0.3060,-0.3022] 0.5069 201/201
125  A    -0.1842  [-0.3060,-0.3022] 0.5525 201/201
126  F    -0.0745  [-0.3060,-0.2843] 1.2026 201/201
127  L    -0.0841  [-0.3060,-0.2843] 1.1565 201/201
128  H    -0.1754  [-0.3060,-0.3022] 0.6085 201/201
129  N    -0.1872  [-0.3060,-0.3022] 0.5296 201/201
130  M    -0.1797  [-0.3060,-0.3022] 0.5785 201/201
131  G    -0.0787  [-0.3060,-0.2843] 1.1821 201/201
132  D    -0.1635  [-0.3060,-0.3022] 0.6944 201/201
133  H    -0.1754  [-0.3060,-0.3022] 0.6085 201/201
134  V    -0.1828  [-0.3060,-0.3022] 0.5654 201/201
135  T    -0.1908  [-0.3060,-0.3022] 0.5069 201/201
136  R    -0.1620  [-0.3060,-0.3022] 0.7026 201/201
137  L    -0.0841  [-0.3060,-0.2843] 1.1565 201/201
138  D    -0.1635  [-0.3060,-0.3022] 0.6944 201/201
139  R    -0.1620  [-0.3060,-0.3022] 0.7026 201/201
140  W    0.1381   [-0.3060,-0.2843] 2.0083 201/201
141  E    -0.1492  [-0.3060,-0.3022] 0.7889 201/201
142  P    -0.1051  [-0.3060,-0.3022] 1.0448 201/201
143  E    -0.1492  [-0.3060,-0.3022] 0.7889 201/201
144  L    -0.0841  [-0.3060,-0.2843] 1.1565 201/201
145  N    -0.1872  [-0.3060,-0.3022] 0.5296 201/201
146  E    -0.1492  [-0.3060,-0.3022] 0.7889 201/201
147  A    -0.1842  [-0.3060,-0.3022] 0.5525 201/201
148  I    -0.1855  [-0.3060,-0.3022] 0.5464 201/201
149  P    -0.1051  [-0.3060,-0.3022] 1.0448 201/201
150  N    -0.1872  [-0.3060,-0.3022] 0.5296 201/201
151  D    -0.1635  [-0.3060,-0.3022] 0.6944 201/201
152  E    -0.1492  [-0.3060,-0.3022] 0.7889 201/201
153  R    -0.1620  [-0.3060,-0.3022] 0.7026 201/201
154  D    3.2254   [-0.1980,1.7701] 4.5765 201/201
155  T    -0.1908  [-0.3060,-0.3022] 0.5069 201/201
156  T    -0.1908  [-0.3060,-0.3022] 0.5069 201/201
157  T    12.8829  [1.7701,13.4469] 2.5069 201/201
158  P    -0.1051  [-0.3060,-0.3022] 1.0448 201/201
159  A    -0.1842  [-0.3060,-0.3022] 0.5525 201/201
160  A    2.3270   [-0.1980,1.7701] 3.6327 201/201
161  M    -0.1797  [-0.3060,-0.3022] 0.5785 201/201
162  A    -0.1842  [-0.3060,-0.3022] 0.5525 201/201
163  T    -0.1908  [-0.3060,-0.3022] 0.5069 201/201
164  T    -0.1908  [-0.3060,-0.3022] 0.5069 201/201
165  L    -0.0841  [-0.3060,-0.2843] 1.1565 201/201
166  R    -0.1620  [-0.3060,-0.3022] 0.7026 201/201
167  K    -0.1425  [-0.3060,-0.3022] 0.8298 201/201
168  L    -0.0841  [-0.3060,-0.2843] 1.1565 201/201
169  L    -0.0841  [-0.3060,-0.2843] 1.1565 201/201
170  T    -0.1908  [-0.3060,-0.3022] 0.5069 201/201
171  G    -0.0787  [-0.3060,-0.2843] 1.1821 201/201
172  E    -0.1492  [-0.3060,-0.3022] 0.7889 201/201
173  L    -0.0841  [-0.3060,-0.2843] 1.1565 201/201
174  L    -0.0841  [-0.3060,-0.2843] 1.1565 201/201
175  T    -0.1908  [-0.3060,-0.3022] 0.5069 201/201
176  L    -0.0841  [-0.3060,-0.2843] 1.1565 201/201
177  A    -0.1842  [-0.3060,-0.3022] 0.5525 201/201
178  S    -0.1976  [-0.3060,-0.3022] 0.4640 201/201
179  R    -0.1620  [-0.3060,-0.3022] 0.7026 201/201
180  Q    -0.1651  [-0.3060,-0.3022] 0.6800 201/201
181  Q    -0.1651  [-0.3060,-0.3022] 0.6800 201/201
182  L    -0.0841  [-0.3060,-0.2843] 1.1565 201/201
183  I    -0.1855  [-0.3060,-0.3022] 0.5464 201/201
184  D    -0.1635  [-0.3060,-0.3022] 0.6944 201/201
185  W    0.1381   [-0.3060,-0.2843] 2.0083 201/201
186  M    -0.1797  [-0.3060,-0.3022] 0.5785 201/201
187  E    -0.1492  [-0.3060,-0.3022] 0.7889 201/201
188  A    -0.1842  [-0.3060,-0.3022] 0.5525 201/201
189  D    -0.1635  [-0.3060,-0.3022] 0.6944 201/201
190  K    -0.1425  [-0.3060,-0.3022] 0.8298 201/201
191  V    -0.1828  [-0.3060,-0.3022] 0.5654 201/201
192  A    -0.1842  [-0.3060,-0.3022] 0.5525 201/201
193  G    -0.0787  [-0.3060,-0.2843] 1.1821 201/201
194  P    -0.1051  [-0.3060,-0.3022] 1.0448 201/201
195  L    -0.0841  [-0.3060,-0.2843] 1.1565 201/201
196  L    -0.0841  [-0.3060,-0.2843] 1.1565 201/201
197  R    -0.1620  [-0.3060,-0.3022] 0.7026 201/201
198  S    -0.1976  [-0.3060,-0.3022] 0.4640 201/201
199  A    -0.1842  [-0.3060,-0.3022] 0.5525 201/201
200  L    -0.0841  [-0.3060,-0.2843] 1.1565 201/201
201  P    -0.1051  [-0.3060,-0.3022] 1.0448 201/201
202  A    -0.1842  [-0.3060,-0.3022] 0.5525 201/201
203  G    -0.0787  [-0.3060,-0.2843] 1.1821 201/201
204  W    0.1381   [-0.3060,-0.2843] 2.0083 201/201
205  F    -0.0745  [-0.3060,-0.2843] 1.2026 201/201
206  I    -0.1855  [-0.3060,-0.3022] 0.5464 201/201
207  A    -0.1842  [-0.3060,-0.3022] 0.5525 201/201
208  D    -0.1635  [-0.3060,-0.3022] 0.6944 201/201
209  K    -0.1425  [-0.3060,-0.3022] 0.8298 201/201
210  S    -0.1976  [-0.3060,-0.3022] 0.4640 201/201
211  G    -0.0787  [-0.3060,-0.2843] 1.1821 201/201
212  A    -0.1842  [-0.3060,-0.3022] 0.5525 201/201
213  G    6.0517   [0.1772,13.4469] 5.9633 201/201
214  E    -0.1492  [-0.3060,-0.3022] 0.7889 201/201
215  R    3.2749   [-0.1980,1.7701] 4.6168 201/201
216  G    -0.0787  [-0.3060,-0.2843] 1.1821 201/201
217  S    -0.1976  [-0.3060,-0.3022] 0.4640 201/201
218  R    -0.1620  [-0.3060,-0.3022] 0.7026 201/201
219  G    -0.0787  [-0.3060,-0.2843] 1.1821 201/201
220  I    -0.1855  [-0.3060,-0.3022] 0.5464 201/201
221  I    -0.1855  [-0.3060,-0.3022] 0.5464 201/201
222  A    -0.1842  [-0.3060,-0.3022] 0.5525 201/201
223  A    -0.1842  [-0.3060,-0.3022] 0.5525 201/201
224  L    -0.0841  [-0.3060,-0.2843] 1.1565 201/201
225  G    -0.0787  [-0.3060,-0.2843] 1.1821 201/201
226  P    -0.1051  [-0.3060,-0.3022] 1.0448 201/201
227  D    -0.1635  [-0.3060,-0.3022] 0.6944 201/201
228  G    -0.0787  [-0.3060,-0.2843] 1.1821 201/201
229  K    -0.1425  [-0.3060,-0.3022] 0.8298 201/201
230  P    -0.1051  [-0.3060,-0.3022] 1.0448 201/201
231  S    -0.1976  [-0.3060,-0.3022] 0.4640 201/201
232  R    -0.1620  [-0.3060,-0.3022] 0.7026 201/201
233  I    -0.1855  [-0.3060,-0.3022] 0.5464 201/201
234  V    -0.1828  [-0.3060,-0.3022] 0.5654 201/201
235  V    -0.1828  [-0.3060,-0.3022] 0.5654 201/201
236  I    -0.1855  [-0.3060,-0.3022] 0.5464 201/201
237  Y    -0.0619  [-0.3060,-0.2843] 1.2629 201/201
238  T    -0.1908  [-0.3060,-0.3022] 0.5069 201/201
239  T    -0.1908  [-0.3060,-0.3022] 0.5069 201/201
240  G    -0.0787  [-0.3060,-0.2843] 1.1821 201/201
241  S    -0.1976  [-0.3060,-0.3022] 0.4640 201/201
242  Q    -0.1651  [-0.3060,-0.3022] 0.6800 201/201
243  A    -0.1842  [-0.3060,-0.3022] 0.5525 201/201
244  T    -0.1908  [-0.3060,-0.3022] 0.5069 201/201
245  M    -0.1797  [-0.3060,-0.3022] 0.5785 201/201
246  D    -0.1635  [-0.3060,-0.3022] 0.6944 201/201
247  E    -0.1492  [-0.3060,-0.3022] 0.7889 201/201
248  R    -0.1620  [-0.3060,-0.3022] 0.7026 201/201
249  N    -0.1872  [-0.3060,-0.3022] 0.5296 201/201
250  R    -0.1620  [-0.3060,-0.3022] 0.7026 201/201
251  Q    -0.1651  [-0.3060,-0.3022] 0.6800 201/201
252  I    -0.1855  [-0.3060,-0.3022] 0.5464 201/201
253  A    -0.1842  [-0.3060,-0.3022] 0.5525 201/201
254  E    -0.1492  [-0.3060,-0.3022] 0.7889 201/201
255  I    -0.1855  [-0.3060,-0.3022] 0.5464 201/201
256  G    -0.0787  [-0.3060,-0.2843] 1.1821 201/201
257  A    -0.1842  [-0.3060,-0.3022] 0.5525 201/201
258  S    -0.1976  [-0.3060,-0.3022] 0.4640 201/201
259  L    -0.0841  [-0.3060,-0.2843] 1.1565 201/201
260  I    -0.1855  [-0.3060,-0.3022] 0.5464 201/201
261  K    -0.1425  [-0.3060,-0.3022] 0.8298 201/201
262  H    -0.1754  [-0.3060,-0.3022] 0.6085 201/201
263  W    0.1381   [-0.3060,-0.2843] 2.0083 201/201
