                     LEU1        0.63542          0.67000          0.35714          0.33333          0.09836          0.14035    
                        2          0.61111          0.69000          0.41071          0.22222          0.04918          0.26316    
                        3          0.58681          0.71000          0.47619          0.16931          0.01639          0.17544    
                        4          0.56250          0.69333          0.42262          0.13757          0.01639          0.22807    
                        5          0.56944          0.73667          0.33333          0.22222          0.06557          0.21053    
                        6          0.58681          0.80000          0.31548          0.26984          0.22951          0.35088    
                        7          0.55903          0.83667          0.27381          0.22751          0.22951          0.35088    
                        8          0.55556          0.86000          0.22619          0.21164          0.13115          0.29825    
                        9          0.51042          0.85000          0.25000          0.32804          0.42623          0.52632    
                       10          0.38194          0.79333          0.30952          0.30688          0.34426          0.54386    
                       11          0.40972          0.73333          0.34524          0.34921          0.29508          0.59649    
                       12          0.46875          0.67333          0.29167          0.44974          0.47541          0.63158    
                       13          0.45486          0.62000          0.28571          0.51323          0.34426          0.40351    
                       14          0.47222          0.57667          0.23214          0.40741          0.22951          0.54386    
                       15          0.40972          0.51333          0.18452          0.36508          0.62295          0.61404    
                       16          0.41667          0.07667          0.18452          0.29630          0.63934          0.64912    
                       17          0.46181          0.06333          0.22024          0.31746          0.60656          0.43860    
                       18          0.42708          0.12333          0.30357          0.31217          0.70492          0.85965    
                       19          0.37500          0.13333          0.28571          0.25397          0.80328          0.85965    
                       20          0.32292          0.06333          0.25000          0.21693          0.72131          0.77193    
                       21          0.35069          0.03667          0.27976          0.13757          0.60656          0.78947    
                       22          0.34722          0.02333          0.27381          0.12698          0.55738          0.89474    
                       23          0.29514          0.07000          0.29167          0.11111          0.57377          0.87719    
                       24          0.25000          0.08333          0.23810          0.15873          0.40984          0.87719    
                       25          0.22569          0.05667          0.16667          0.12169          0.39344          0.89474    
                       26          0.25347          0.05000          0.18452          0.12169          0.31148          0.82456    
                       27          0.29861          0.03333          0.13690          0.21693          0.21311          0.52632    
                       28          0.28472          0.10000          0.09524          0.32804          0.22951          0.75439    
                       29          0.36458          0.14667          0.13095          0.26455          0.34426          0.66667    
                       30          0.36458          0.15000          0.13095          0.13757          0.27869          0.36842    
                       31          0.38194          0.15000          0.19643          0.15873          0.24590          0.49123    
                       32          0.35417          0.34667          0.10714          0.14815          0.21311          0.45614    
                       33          0.36458          0.39667          0.14286          0.12698          0.36066          0.68421    
                       34          0.35069          0.46667          0.04762          0.12169          0.37705          0.54386    
                       35          0.32639          0.44000          0.03571          0.13757          0.26230          0.43860    
                       36          0.35069          0.48333          0.07738          0.29101          0.24590          0.14035    
                       37          0.31597          0.12667          0.05357          0.35979          0.47541          0.40351    
                       38          0.25694          0.53333          0.10119          0.42328          0.50820          0.77193    
                       39          0.24306          0.69000          0.16667          0.32804          0.22951          0.80702    
                       40          0.18750          0.58000          0.17262          0.33333          0.13115          0.71930    
                       41          0.19444          0.55333          0.20833          0.30688          0.34426          0.75439    
                       42          0.16319          0.52667          0.07143          0.34921          0.21311          0.78947    
                       43          0.14583          0.50667          0.11310          0.31217          0.31148          0.59649    
                       44          0.17014          0.59000          0.10119          0.24339          0.21311          0.66667    
                       45          0.21181          0.62000          0.06548          0.29101          0.36066          0.73684    
                       46          0.27431          0.65667          0.07143          0.39153          0.22951          0.68421    
                       47          0.22222          0.60333          0.02381          0.26984          0.45902          0.75439    
                       48          0.18403          0.57333          0.02381          0.19048          0.45902          0.78947    
                       49          0.21528          0.58000          0.00595          0.19048          0.31148          0.68421    
                       50          0.20486          0.68000          0.01190          0.23810          0.31148          0.49123    
                       51          0.16319          0.72667          0.00595          0.29101          0.36066          0.66667    
                       52          0.15625          0.75667          0.00595          0.22751          0.27869          0.73684    
                       53          0.09722          0.70333          0.02976          0.21164          0.31148          0.82456    
                       54          0.12153          0.69667          0.02976          0.20635          0.24590          0.77193    
                       55          0.21181          0.70333          0.02976          0.20106          0.45902          0.66667    
                       56          0.19097          0.69667          0.02381          0.14815          0.29508          0.63158    
                       57          0.24306          0.70667          0.02381          0.11111          0.42623          0.68421    
                       58          0.25000          0.59667          0.01786          0.00529          0.26230          0.68421    
                       59          0.24653          0.56667          0.01786          0.21693          0.57377          0.84211    
                       60          0.29167          0.53333          0.01786          0.35979          0.60656          0.87719    
                       61          0.27431          0.47333          0.05952          0.41270          0.55738          0.75439    
                       62          0.23958          0.45000          0.07143          0.41799          0.57377          0.54386    
                       63          0.25000          0.16000          0.10714          0.41270          0.47541          0.47368    
                       64          0.22222          0.15000          0.10714          0.47090          0.40984          0.35088    
                       65          0.19444          0.10333          0.14286          0.31217          0.34426          0.03509    
                       66          0.18403          0.08000          0.22024          0.39683          0.24590          0.05263    
                       67          0.17708          0.57333          0.19048          0.38624          0.36066          0.22807    
                       68          0.21181          0.61000          0.16667          0.38095          0.39344          0.28070    
                       69          0.17014          0.53333          0.15476          0.30688          0.62295          0.54386    
                       70          0.14583          0.51333          0.07738          0.31217          0.62295          0.71930    
                       71          0.14236          0.48000          0.01786          0.36508          0.60656          0.73684    
                       72          0.19097          0.51667          0.01786          0.32275          0.57377          0.66667    
                       73          0.11806          0.54333          0.00595          0.23810          0.57377          0.73684    
                       74          0.02431          0.59333          0.00595          0.21164          0.45902          0.54386    
                       75          0.01389          0.60667          0.05357          0.21693          0.42623          0.63158    
                       76          0.01042          0.57000          0.11905          0.25926          0.52459          0.77193    
                       77          0.01389          0.53667          0.11310          0.32804          0.54098          0.96491    
                       78          0.04514          0.56667          0.17262          0.43915          0.44262          0.94737    
                       79          0.06250          0.52333          0.05357          0.60847          0.42623          0.84211    
                       80          0.08681          0.46333          0.02976          0.75132          0.14754          0.70175    
                       81          0.11806          0.00333          0.01786          0.79365          0.26230          0.73684    
                       82          0.17014          0.06000          0.02381          0.78836          0.34426          0.84211    
                       83          0.19097          0.00000          0.02381          0.76190          0.24590          0.73684    
                       84          0.24653          0.00667          0.04762          0.69312          0.44262          0.45614    
                       85          0.27431          0.00000          0.06548          0.51852          0.32787          0.14035    
                       86          0.25000          0.37333          0.06548          0.42328          0.21311          0.08772    
                       87          0.28819          0.00000          0.13690          0.35979          0.39344          0.10526    
                       88          0.28819          0.00667          0.16667          0.33862          0.34426          0.08772    
                       89          0.33681          0.02333          0.19643          0.43915          0.22951          0.03509    
                       90          0.42708          0.07667          0.12500          0.45503          0.13115          0.01754    
                       91          0.45833          0.49333          0.20833          0.50794          0.14754          0.12281    
                       92          0.42361          0.49333          0.29762          0.51852          0.11475          0.05263    
                       93          0.37153          0.13333          0.31548          0.57143          0.11475          0.00000    
                       94          0.40278          0.42667          0.33929          0.58730          0.11475          0.00000    
                       95          0.46875          0.44000          0.30952          0.64550          0.09836          0.00000    
                       96          0.54861          0.45667          0.41071          0.59259          0.08197          0.00000    
                       97          0.57292          0.54000          0.42857          0.56614          0.11475          0.01754    
                       98          0.65278          0.54333          0.28571          0.58730          0.13115          0.01754    
                       99          0.71528          0.60333          0.34524          0.56085          0.29508          0.07018    
                      100          0.74306          0.58667          0.06548          0.55556          0.37705          0.08772    
