#  volume - exposure - pos-charge - neg-charge - h-donor- h-acceptor - hydrophob - aromatic - metal
0    3.793e+02    1.076e+01    2.295e+01    3.256e+01    8.784e+01    9.497e+01    5.375e+01    6.827e+00    0.000e+00
# LEU0
1    4.035e+02    8.083e+00    1.976e+01    4.564e+01    9.702e+01    9.601e+01    6.150e+01    1.290e+01    0.000e+00
2    3.903e+02    7.759e+00    2.136e+01    4.379e+01    9.074e+01    9.903e+01    5.756e+01    1.260e+01    0.000e+00
3    4.318e+02    8.954e+00    2.047e+01    4.698e+01    1.060e+02    1.117e+02    6.479e+01    1.315e+01    0.000e+00
4    3.761e+02    7.892e+00    1.942e+01    3.837e+01    8.473e+01    8.848e+01    5.883e+01    1.090e+01    0.000e+00
5    3.691e+02    8.607e+00    2.114e+01    3.455e+01    8.957e+01    8.174e+01    5.527e+01    1.050e+01    0.000e+00
6    4.750e+02    9.777e+00    2.423e+01    3.832e+01    1.213e+02    1.135e+02    7.262e+01    1.438e+01    0.000e+00
7    5.033e+02    9.666e+00    2.205e+01    3.926e+01    1.289e+02    1.214e+02    7.774e+01    1.596e+01    0.000e+00
8    4.821e+02    9.111e+00    2.067e+01    3.823e+01    1.064e+02    1.118e+02    7.866e+01    1.569e+01    0.000e+00
9    4.738e+02    1.087e+01    2.231e+01    3.911e+01    1.096e+02    1.090e+02    7.285e+01    1.433e+01    0.000e+00
10    4.341e+02    9.776e+00    2.034e+01    3.752e+01    9.842e+01    9.811e+01    6.685e+01    1.367e+01    0.000e+00
11    4.090e+02    7.895e+00    1.667e+01    3.905e+01    9.221e+01    9.431e+01    6.481e+01    1.225e+01    0.000e+00
12    4.175e+02    9.011e+00    1.557e+01    3.686e+01    9.774e+01    9.129e+01    6.915e+01    1.272e+01    0.000e+00
13    4.481e+02    1.016e+01    1.761e+01    3.948e+01    1.068e+02    1.049e+02    7.269e+01    1.335e+01    0.000e+00
14    4.528e+02    8.614e+00    1.933e+01    4.286e+01    1.151e+02    1.056e+02    7.464e+01    1.403e+01    0.000e+00
15    4.118e+02    9.190e+00    1.736e+01    3.659e+01    9.748e+01    9.294e+01    6.809e+01    1.221e+01    0.000e+00
16    3.999e+02    8.111e+00    1.813e+01    3.571e+01    9.612e+01    9.061e+01    6.384e+01    1.014e+01    0.000e+00
17    4.124e+02    8.937e+00    2.131e+01    3.490e+01    9.567e+01    9.390e+01    6.533e+01    8.202e+00    0.000e+00
18    4.033e+02    9.752e+00    2.520e+01    3.391e+01    9.351e+01    9.383e+01    6.427e+01    9.322e+00    0.000e+00
19    4.702e+02    9.238e+00    2.568e+01    3.219e+01    9.987e+01    9.736e+01    8.701e+01    2.460e+01    0.000e+00
20    4.181e+02    1.025e+01    2.347e+01    2.694e+01    1.000e+02    8.828e+01    6.413e+01    1.057e+01    0.000e+00
21    4.579e+02    7.805e+00    2.254e+01    2.929e+01    1.124e+02    9.632e+01    7.994e+01    1.900e+01    0.000e+00
22    4.820e+02    9.601e+00    1.709e+01    3.018e+01    1.099e+02    1.019e+02    8.380e+01    2.020e+01    0.000e+00
23    5.281e+02    1.140e+01    1.579e+01    2.792e+01    1.146e+02    1.043e+02    9.365e+01    2.614e+01    0.000e+00
24    5.129e+02    1.022e+01    1.078e+01    2.775e+01    1.120e+02    1.023e+02    9.417e+01    2.642e+01    0.000e+00
25    5.209e+02    9.682e+00    7.333e+00    3.081e+01    1.097e+02    1.063e+02    9.273e+01    2.514e+01    0.000e+00
26    5.206e+02    1.014e+01    4.684e+00    2.891e+01    1.038e+02    9.902e+01    9.405e+01    2.699e+01    0.000e+00
27    5.055e+02    8.407e+00    7.230e+00    3.031e+01    1.092e+02    9.908e+01    9.362e+01    2.895e+01    0.000e+00
28    5.172e+02    1.077e+01    4.448e+00    2.845e+01    1.068e+02    1.083e+02    9.053e+01    2.659e+01    0.000e+00
29    4.629e+02    1.092e+01    2.841e+00    2.635e+01    8.592e+01    1.007e+02    8.101e+01    1.812e+01    0.000e+00
30    4.145e+02    1.173e+01    2.579e+00    2.393e+01    7.353e+01    9.089e+01    6.555e+01    1.167e+01    0.000e+00
31    4.282e+02    1.277e+01    5.093e+00    2.408e+01    7.588e+01    8.633e+01    6.426e+01    1.065e+01    0.000e+00
32    5.254e+02    1.065e+01    8.544e+00    2.477e+01    1.087e+02    1.057e+02    9.062e+01    2.525e+01    0.000e+00
33    4.950e+02    1.034e+01    1.047e+01    2.583e+01    1.018e+02    1.020e+02    8.620e+01    2.582e+01    0.000e+00
34    4.907e+02    1.019e+01    1.088e+01    2.645e+01    1.079e+02    1.010e+02    8.534e+01    2.587e+01    0.000e+00
35    4.510e+02    8.763e+00    1.088e+01    2.527e+01    9.942e+01    9.338e+01    7.635e+01    2.109e+01    0.000e+00
36    4.914e+02    9.428e+00    1.261e+01    2.854e+01    1.106e+02    1.057e+02    8.432e+01    1.867e+01    0.000e+00
37    4.941e+02    9.170e+00    1.162e+01    3.094e+01    1.110e+02    1.025e+02    8.746e+01    1.825e+01    0.000e+00
38    4.608e+02    1.021e+01    1.096e+01    3.116e+01    1.101e+02    1.030e+02    7.582e+01    1.359e+01    0.000e+00
39    4.159e+02    1.023e+01    1.142e+01    3.206e+01    1.006e+02    9.498e+01    6.468e+01    1.264e+01    0.000e+00
40    3.962e+02    1.188e+01    1.064e+01    3.463e+01    8.349e+01    9.449e+01    5.306e+01    6.202e+00    0.000e+00
41    4.118e+02    1.196e+01    1.334e+01    3.444e+01    8.719e+01    1.018e+02    5.618e+01    7.076e+00    0.000e+00
42    4.862e+02    9.199e+00    1.416e+01    3.078e+01    9.742e+01    1.110e+02    8.373e+01    2.678e+01    0.000e+00
43    4.337e+02    1.192e+01    1.235e+01    3.650e+01    9.117e+01    9.873e+01    6.153e+01    9.213e+00    0.000e+00
44    5.104e+02    9.826e+00    1.074e+01    3.876e+01    9.900e+01    1.252e+02    8.650e+01    2.656e+01    0.000e+00
45    4.368e+02    1.252e+01    7.088e+00    3.506e+01    7.862e+01    1.026e+02    6.348e+01    1.027e+01    0.000e+00
46    4.090e+02    1.394e+01    3.844e+00    2.949e+01    7.052e+01    9.720e+01    5.970e+01    8.940e+00    0.000e+00
47    3.996e+02    1.309e+01    3.562e+00    2.975e+01    7.014e+01    9.556e+01    5.829e+01    1.043e+01    0.000e+00
48    3.805e+02    1.547e+01    1.814e+00    3.046e+01    7.402e+01    9.248e+01    5.405e+01    9.647e+00    0.000e+00
49    3.478e+02    1.451e+01    1.718e+00    2.670e+01    6.160e+01    8.124e+01    5.623e+01    1.112e+01    0.000e+00
50    4.142e+02    1.253e+01    1.128e+00    3.053e+01    7.984e+01    9.145e+01    7.644e+01    2.325e+01    0.000e+00
51    3.672e+02    1.354e+01    1.037e+00    3.253e+01    6.989e+01    8.536e+01    5.796e+01    1.005e+01    0.000e+00
52    3.556e+02    1.383e+01    8.402e-01    2.903e+01    6.545e+01    7.959e+01    5.333e+01    8.797e+00    0.000e+00
53    3.544e+02    1.424e+01    7.539e-01    2.992e+01    6.547e+01    8.608e+01    5.025e+01    7.318e+00    0.000e+00
54    3.602e+02    1.417e+01    1.869e+00    3.325e+01    6.219e+01    9.144e+01    5.083e+01    9.306e+00    0.000e+00
55    3.634e+02    1.307e+01    2.725e+00    3.461e+01    6.759e+01    8.980e+01    5.275e+01    9.925e+00    0.000e+00
56    3.892e+02    1.243e+01    4.695e+00    3.431e+01    7.615e+01    9.017e+01    5.983e+01    1.133e+01    0.000e+00
57    3.976e+02    1.308e+01    4.745e+00    3.297e+01    8.071e+01    8.839e+01    6.076e+01    9.916e+00    0.000e+00
58    4.165e+02    1.177e+01    8.906e+00    3.223e+01    8.377e+01    9.438e+01    6.763e+01    1.237e+01    0.000e+00
59    4.211e+02    1.123e+01    1.187e+01    3.227e+01    8.282e+01    1.006e+02    7.046e+01    1.103e+01    0.000e+00
60    3.802e+02    1.006e+01    1.088e+01    2.651e+01    8.488e+01    8.388e+01    6.579e+01    1.132e+01    0.000e+00
61    3.898e+02    9.369e+00    1.244e+01    2.766e+01    9.609e+01    8.777e+01    6.733e+01    1.195e+01    0.000e+00
62    3.905e+02    9.485e+00    1.473e+01    3.008e+01    9.273e+01    8.489e+01    7.132e+01    1.439e+01    0.000e+00
63    4.195e+02    9.037e+00    1.252e+01    3.036e+01    1.002e+02    8.588e+01    7.949e+01    1.876e+01    0.000e+00
64    4.364e+02    8.354e+00    1.146e+01    2.808e+01    9.991e+01    8.631e+01    8.382e+01    1.445e+01    0.000e+00
65    4.533e+02    8.637e+00    1.255e+01    2.875e+01    1.003e+02    8.951e+01    8.778e+01    1.473e+01    0.000e+00
66    4.894e+02    9.499e+00    1.546e+01    2.962e+01    1.097e+02    9.846e+01    8.469e+01    1.133e+01    0.000e+00
67    4.891e+02    8.377e+00    1.452e+01    3.113e+01    1.028e+02    1.011e+02    8.609e+01    1.104e+01    0.000e+00
68    4.492e+02    7.528e+00    1.414e+01    2.897e+01    9.643e+01    9.217e+01    8.291e+01    1.330e+01    0.000e+00
69    4.699e+02    1.008e+01    1.612e+01    3.061e+01    1.053e+02    9.315e+01    8.396e+01    1.493e+01    0.000e+00
70    4.519e+02    8.631e+00    1.419e+01    3.050e+01    9.317e+01    9.070e+01    8.474e+01    1.496e+01    0.000e+00
71    4.259e+02    9.853e+00    9.379e+00    2.534e+01    8.754e+01    8.549e+01    8.034e+01    1.535e+01    0.000e+00
72    4.761e+02    1.058e+01    9.044e+00    2.820e+01    9.680e+01    9.464e+01    8.887e+01    1.984e+01    0.000e+00
73    5.026e+02    9.000e+00    8.482e+00    2.900e+01    1.111e+02    1.008e+02    1.011e+02    3.289e+01    0.000e+00
74    5.373e+02    9.548e+00    1.049e+01    3.134e+01    1.108e+02    1.146e+02    1.060e+02    3.424e+01    0.000e+00
75    5.010e+02    8.229e+00    1.038e+01    2.790e+01    1.114e+02    1.095e+02    1.035e+02    3.392e+01    0.000e+00
76    5.113e+02    9.134e+00    8.817e+00    3.152e+01    1.034e+02    1.144e+02    9.546e+01    2.893e+01    0.000e+00
77    4.558e+02    8.747e+00    1.070e+01    3.151e+01    9.436e+01    1.085e+02    8.472e+01    2.829e+01    0.000e+00
78    4.613e+02    9.481e+00    1.289e+01    3.318e+01    1.148e+02    1.121e+02    8.068e+01    2.214e+01    0.000e+00
79    3.412e+02    1.128e+01    1.143e+01    2.763e+01    7.666e+01    7.656e+01    5.266e+01    1.056e+01    0.000e+00
80    3.284e+02    1.150e+01    8.789e+00    2.689e+01    7.557e+01    7.876e+01    4.692e+01    8.672e+00    0.000e+00
81    3.689e+02    1.318e+01    1.225e+01    2.997e+01    7.853e+01    9.194e+01    4.894e+01    7.536e+00    0.000e+00
82    3.225e+02    1.307e+01    1.123e+01    2.276e+01    7.100e+01    7.885e+01    4.394e+01    6.849e+00    0.000e+00
83    3.652e+02    1.280e+01    1.083e+01    2.412e+01    7.562e+01    8.586e+01    5.392e+01    8.510e+00    0.000e+00
84    3.579e+02    1.111e+01    1.025e+01    2.761e+01    7.907e+01    8.477e+01    5.296e+01    8.883e+00    0.000e+00
85    3.768e+02    1.359e+01    1.283e+01    3.049e+01    8.630e+01    8.502e+01    5.773e+01    1.082e+01    0.000e+00
86    3.714e+02    1.200e+01    1.623e+01    3.146e+01    9.207e+01    8.382e+01    5.621e+01    1.170e+01    0.000e+00
87    3.503e+02    1.011e+01    1.765e+01    2.695e+01    8.524e+01    7.748e+01    5.283e+01    1.107e+01    0.000e+00
88    3.876e+02    1.048e+01    1.531e+01    3.118e+01    9.219e+01    8.625e+01    5.903e+01    1.056e+01    0.000e+00
89    4.770e+02    8.410e+00    1.036e+01    2.906e+01    9.350e+01    1.002e+02    8.871e+01    2.783e+01    0.000e+00
90    5.080e+02    8.100e+00    1.043e+01    2.799e+01    1.110e+02    1.013e+02    9.565e+01    3.098e+01    0.000e+00
91    5.012e+02    1.028e+01    7.174e+00    3.065e+01    1.066e+02    1.013e+02    8.788e+01    2.155e+01    0.000e+00
92    4.538e+02    1.227e+01    7.099e+00    3.126e+01    8.566e+01    8.971e+01    7.820e+01    1.243e+01    0.000e+00
93    4.200e+02    1.185e+01    3.249e+00    2.694e+01    7.808e+01    8.198e+01    7.033e+01    9.510e+00    0.000e+00
94    4.134e+02    1.119e+01    4.078e+00    2.987e+01    7.557e+01    9.046e+01    6.588e+01    9.759e+00    0.000e+00
95    4.263e+02    1.269e+01    5.590e+00    3.300e+01    9.383e+01    9.518e+01    6.599e+01    1.060e+01    0.000e+00
96    3.965e+02    1.090e+01    4.176e+00    2.957e+01    8.145e+01    9.038e+01    6.447e+01    1.011e+01    0.000e+00
97    3.777e+02    1.298e+01    5.415e+00    2.593e+01    7.342e+01    8.506e+01    5.829e+01    8.141e+00    0.000e+00
98    4.279e+02    1.135e+01    1.048e+01    2.611e+01    8.285e+01    9.080e+01    7.861e+01    1.847e+01    0.000e+00
99    4.031e+02    1.182e+01    1.238e+01    2.453e+01    8.194e+01    8.839e+01    7.017e+01    1.808e+01    0.000e+00
100    4.168e+02    1.119e+01    1.693e+01    2.883e+01    8.648e+01    8.686e+01    7.448e+01    1.807e+01    0.000e+00
# LEU1
1    4.925e+02    1.109e+01    6.069e+00    2.913e+01    7.434e+01    1.076e+02    7.431e+01    1.193e+01    0.000e+00
2    5.357e+02    1.135e+01    9.070e+00    3.778e+01    8.826e+01    1.226e+02    8.358e+01    1.089e+01    0.000e+00
3    5.177e+02    8.605e+00    6.321e+00    3.834e+01    8.373e+01    1.178e+02    8.541e+01    1.806e+01    0.000e+00
4    5.112e+02    8.898e+00    5.171e+00    3.517e+01    7.937e+01    1.176e+02    8.408e+01    1.588e+01    0.000e+00
5    5.514e+02    7.427e+00    7.333e+00    3.620e+01    8.354e+01    1.197e+02    1.040e+02    2.618e+01    0.000e+00
6    5.886e+02    6.559e+00    7.674e+00    3.696e+01    9.145e+01    1.222e+02    1.065e+02    2.583e+01    0.000e+00
7    5.784e+02    6.924e+00    7.450e+00    3.898e+01    9.253e+01    1.218e+02    1.030e+02    2.302e+01    0.000e+00
8    6.201e+02    8.178e+00    7.974e+00    4.044e+01    1.150e+02    1.271e+02    1.056e+02    2.087e+01    0.000e+00
9    5.674e+02    7.934e+00    8.881e+00    3.248e+01    8.665e+01    1.094e+02    9.438e+01    1.374e+01    0.000e+00
10    5.455e+02    9.178e+00    5.034e+00    3.149e+01    7.936e+01    1.092e+02    9.156e+01    1.250e+01    0.000e+00
11    5.754e+02    7.878e+00    5.425e+00    3.415e+01    8.346e+01    1.179e+02    1.045e+02    1.559e+01    0.000e+00
12    6.208e+02    6.984e+00    6.927e+00    3.555e+01    8.631e+01    1.279e+02    1.186e+02    2.516e+01    0.000e+00
13    6.338e+02    8.123e+00    4.560e+00    3.504e+01    9.264e+01    1.248e+02    1.111e+02    2.169e+01    0.000e+00
14    6.710e+02    8.166e+00    6.850e+00    3.748e+01    1.053e+02    1.244e+02    1.227e+02    2.260e+01    0.000e+00
15    6.569e+02    9.305e+00    9.119e+00    3.608e+01    1.045e+02    1.133e+02    1.233e+02    1.842e+01    0.000e+00
16    6.888e+02    7.539e+00    7.714e+00    4.287e+01    1.159e+02    1.254e+02    1.302e+02    2.494e+01    0.000e+00
17    6.548e+02    8.656e+00    6.104e+00    4.331e+01    9.727e+01    1.283e+02    1.193e+02    2.646e+01    0.000e+00
18    6.265e+02    6.995e+00    5.675e+00    4.306e+01    8.763e+01    1.250e+02    1.201e+02    3.685e+01    0.000e+00
19    6.420e+02    6.820e+00    4.867e+00    4.418e+01    8.454e+01    1.276e+02    1.258e+02    4.023e+01    0.000e+00
20    7.078e+02    7.726e+00    7.309e+00    4.870e+01    1.070e+02    1.438e+02    1.365e+02    3.862e+01    0.000e+00
21    6.528e+02    6.679e+00    9.662e+00    4.504e+01    9.111e+01    1.234e+02    1.225e+02    2.838e+01    0.000e+00
22    6.571e+02    7.935e+00    9.332e+00    4.513e+01    1.101e+02    1.273e+02    1.162e+02    2.218e+01    0.000e+00
23    6.316e+02    7.895e+00    1.067e+01    4.092e+01    1.009e+02    1.210e+02    1.123e+02    2.232e+01    0.000e+00
24    5.934e+02    8.805e+00    8.025e+00    3.900e+01    8.716e+01    1.151e+02    1.034e+02    1.740e+01    0.000e+00
25    5.921e+02    8.611e+00    9.442e+00    4.240e+01    8.921e+01    1.200e+02    9.939e+01    1.701e+01    0.000e+00
26    5.966e+02    7.784e+00    1.047e+01    4.074e+01    9.898e+01    1.231e+02    1.057e+02    2.724e+01    0.000e+00
27    5.841e+02    7.172e+00    9.254e+00    3.896e+01    9.547e+01    1.268e+02    1.083e+02    2.685e+01    0.000e+00
28    5.615e+02    7.771e+00    1.337e+01    3.956e+01    9.252e+01    1.249e+02    9.739e+01    2.736e+01    0.000e+00
29    5.820e+02    7.226e+00    1.213e+01    4.052e+01    9.337e+01    1.284e+02    1.075e+02    3.433e+01    0.000e+00
30    6.083e+02    6.997e+00    1.258e+01    4.607e+01    9.685e+01    1.367e+02    1.119e+02    3.878e+01    0.000e+00
31    6.226e+02    6.696e+00    9.818e+00    4.907e+01    9.899e+01    1.435e+02    1.155e+02    3.820e+01    0.000e+00
32    6.146e+02    5.946e+00    5.653e+00    4.172e+01    1.050e+02    1.457e+02    1.173e+02    4.045e+01    0.000e+00
33    6.245e+02    6.274e+00    7.218e+00    4.127e+01    1.041e+02    1.459e+02    1.158e+02    3.883e+01    0.000e+00
34    6.429e+02    6.894e+00    6.470e+00    3.990e+01    9.951e+01    1.440e+02    1.154e+02    3.589e+01    0.000e+00
35    6.904e+02    7.577e+00    8.030e+00    3.839e+01    1.049e+02    1.452e+02    1.300e+02    3.696e+01    0.000e+00
36    6.820e+02    7.244e+00    1.072e+01    3.622e+01    9.998e+01    1.316e+02    1.223e+02    2.712e+01    0.000e+00
37    6.776e+02    8.387e+00    9.172e+00    3.515e+01    1.081e+02    1.301e+02    1.237e+02    2.573e+01    0.000e+00
38    7.035e+02    8.703e+00    5.894e+00    3.552e+01    1.149e+02    1.325e+02    1.308e+02    2.735e+01    0.000e+00
39    6.815e+02    9.145e+00    6.345e+00    3.462e+01    1.163e+02    1.238e+02    1.259e+02    3.072e+01    0.000e+00
40    6.986e+02    7.718e+00    6.556e+00    4.157e+01    1.249e+02    1.396e+02    1.245e+02    3.095e+01    0.000e+00
41    7.269e+02    6.564e+00    6.193e+00    4.872e+01    1.273e+02    1.498e+02    1.377e+02    3.352e+01    0.000e+00
42    6.557e+02    6.953e+00    6.410e+00    4.508e+01    1.089e+02    1.332e+02    1.250e+02    3.176e+01    0.000e+00
43    6.754e+02    7.610e+00    6.733e+00    4.756e+01    1.009e+02    1.384e+02    1.287e+02    2.779e+01    0.000e+00
44    6.631e+02    8.171e+00    6.973e+00    4.683e+01    1.071e+02    1.383e+02    1.191e+02    2.696e+01    0.000e+00
45    6.443e+02    7.531e+00    5.904e+00    4.376e+01    1.001e+02    1.300e+02    1.148e+02    2.571e+01    0.000e+00
46    6.188e+02    7.393e+00    8.580e+00    4.152e+01    1.036e+02    1.272e+02    1.085e+02    2.511e+01    0.000e+00
47    6.464e+02    6.598e+00    7.451e+00    3.746e+01    1.101e+02    1.362e+02    1.189e+02    2.795e+01    0.000e+00
48    7.130e+02    8.581e+00    8.060e+00    4.083e+01    1.169e+02    1.493e+02    1.279e+02    2.495e+01    0.000e+00
49    6.925e+02    9.640e+00    7.530e+00    3.714e+01    1.128e+02    1.430e+02    1.301e+02    2.656e+01    0.000e+00
50    7.062e+02    8.720e+00    5.276e+00    3.710e+01    1.220e+02    1.530e+02    1.350e+02    2.999e+01    0.000e+00
51    6.891e+02    9.071e+00    5.088e+00    4.017e+01    1.267e+02    1.543e+02    1.284e+02    3.107e+01    0.000e+00
52    7.112e+02    1.096e+01    6.749e+00    4.069e+01    1.364e+02    1.547e+02    1.271e+02    2.682e+01    0.000e+00
53    6.761e+02    1.039e+01    6.913e+00    3.807e+01    1.393e+02    1.405e+02    1.219e+02    2.559e+01    0.000e+00
54    6.715e+02    9.851e+00    6.648e+00    3.890e+01    1.387e+02    1.414e+02    1.172e+02    2.516e+01    0.000e+00
55    6.233e+02    8.328e+00    1.022e+01    3.743e+01    1.140e+02    1.356e+02    1.081e+02    2.382e+01    0.000e+00
56    6.607e+02    1.068e+01    9.776e+00    4.016e+01    1.268e+02    1.430e+02    1.098e+02    2.174e+01    0.000e+00
57    6.365e+02    8.762e+00    6.551e+00    3.792e+01    1.145e+02    1.322e+02    1.097e+02    2.051e+01    0.000e+00
58    6.114e+02    8.644e+00    7.192e+00    3.682e+01    1.010e+02    1.193e+02    1.096e+02    2.167e+01    0.000e+00
59    6.797e+02    1.123e+01    6.415e+00    4.351e+01    1.165e+02    1.406e+02    1.183e+02    2.569e+01    0.000e+00
60    6.930e+02    1.134e+01    3.830e+00    4.248e+01    1.296e+02    1.464e+02    1.128e+02    2.961e+01    0.000e+00
61    7.399e+02    1.052e+01    3.268e+00    4.518e+01    1.244e+02    1.532e+02    1.284e+02    3.400e+01    0.000e+00
62    7.185e+02    1.111e+01    3.873e+00    4.573e+01    1.152e+02    1.550e+02    1.265e+02    3.341e+01    0.000e+00
63    6.379e+02    9.055e+00    2.897e+00    4.302e+01    9.335e+01    1.344e+02    1.127e+02    3.480e+01    0.000e+00
64    7.213e+02    8.739e+00    5.893e+00    5.128e+01    1.132e+02    1.548e+02    1.308e+02    3.918e+01    0.000e+00
65    6.437e+02    8.810e+00    4.675e+00    4.682e+01    1.048e+02    1.430e+02    1.129e+02    2.698e+01    0.000e+00
66    6.019e+02    7.804e+00    6.031e+00    4.332e+01    9.203e+01    1.256e+02    1.072e+02    2.314e+01    0.000e+00
67    5.873e+02    7.153e+00    9.044e+00    4.189e+01    9.047e+01    1.131e+02    9.616e+01    1.874e+01    0.000e+00
68    6.229e+02    7.407e+00    6.069e+00    4.447e+01    9.811e+01    1.162e+02    1.044e+02    2.323e+01    0.000e+00
69    6.338e+02    8.530e+00    7.299e+00    4.201e+01    9.693e+01    1.200e+02    1.013e+02    2.088e+01    0.000e+00
70    6.781e+02    8.601e+00    7.099e+00    4.207e+01    9.823e+01    1.384e+02    1.053e+02    2.205e+01    0.000e+00
71    7.076e+02    9.616e+00    8.359e+00    4.681e+01    1.039e+02    1.461e+02    1.162e+02    2.252e+01    0.000e+00
72    6.735e+02    7.730e+00    8.945e+00    3.797e+01    1.044e+02    1.455e+02    1.111e+02    2.268e+01    0.000e+00
73    7.205e+02    8.333e+00    7.876e+00    3.978e+01    1.059e+02    1.497e+02    1.260e+02    2.965e+01    0.000e+00
74    6.541e+02    5.860e+00    3.731e+00    3.755e+01    9.356e+01    1.272e+02    1.214e+02    3.607e+01    0.000e+00
75    6.628e+02    6.799e+00    4.290e+00    3.957e+01    1.024e+02    1.263e+02    1.200e+02    2.856e+01    0.000e+00
76    6.950e+02    7.175e+00    4.629e+00    4.151e+01    1.094e+02    1.338e+02    1.336e+02    3.601e+01    0.000e+00
77    7.030e+02    7.409e+00    6.719e+00    4.158e+01    1.141e+02    1.357e+02    1.391e+02    3.882e+01    0.000e+00
78    6.283e+02    7.598e+00    6.881e+00    4.275e+01    9.999e+01    1.179e+02    1.179e+02    2.786e+01    0.000e+00
79    6.213e+02    6.599e+00    7.522e+00    4.321e+01    1.116e+02    1.132e+02    1.169e+02    3.250e+01    0.000e+00
80    6.162e+02    7.627e+00    6.830e+00    4.543e+01    9.207e+01    1.173e+02    1.150e+02    2.953e+01    0.000e+00
81    6.169e+02    8.731e+00    5.883e+00    4.686e+01    8.111e+01    1.198e+02    1.110e+02    2.973e+01    0.000e+00
82    6.158e+02    8.505e+00    5.451e+00    4.355e+01    7.990e+01    1.267e+02    1.150e+02    3.430e+01    0.000e+00
83    5.914e+02    7.893e+00    6.693e+00    4.179e+01    8.360e+01    1.175e+02    1.103e+02    3.080e+01    0.000e+00
84    5.777e+02    7.627e+00    9.251e+00    4.380e+01    8.371e+01    1.134e+02    1.045e+02    3.294e+01    0.000e+00
85    5.925e+02    8.514e+00    1.420e+01    3.989e+01    9.689e+01    1.150e+02    1.042e+02    3.298e+01    0.000e+00
86    5.987e+02    7.837e+00    1.388e+01    4.144e+01    1.016e+02    1.218e+02    1.095e+02    3.861e+01    0.000e+00
87    5.734e+02    6.985e+00    1.132e+01    3.877e+01    9.403e+01    1.146e+02    1.084e+02    3.808e+01    0.000e+00
88    5.528e+02    7.319e+00    6.778e+00    4.003e+01    8.734e+01    1.146e+02    9.894e+01    3.604e+01    0.000e+00
89    6.466e+02    6.168e+00    4.963e+00    3.855e+01    9.657e+01    1.277e+02    1.229e+02    4.434e+01    0.000e+00
90    6.158e+02    6.134e+00    5.195e+00    3.707e+01    1.001e+02    1.171e+02    1.152e+02    4.328e+01    0.000e+00
91    6.235e+02    6.538e+00    6.161e+00    3.863e+01    1.123e+02    1.272e+02    1.197e+02    4.460e+01    0.000e+00
92    7.059e+02    6.290e+00    4.249e+00    4.456e+01    1.206e+02    1.495e+02    1.421e+02    4.937e+01    0.000e+00
93    6.897e+02    6.396e+00    4.461e+00    4.417e+01    1.058e+02    1.418e+02    1.342e+02    4.354e+01    0.000e+00
94    6.719e+02    6.944e+00    4.732e+00    4.105e+01    1.001e+02    1.281e+02    1.308e+02    4.390e+01    0.000e+00
95    6.900e+02    8.736e+00    5.112e+00    4.430e+01    9.884e+01    1.290e+02    1.307e+02    3.740e+01    0.000e+00
96    6.856e+02    7.383e+00    4.397e+00    4.019e+01    9.837e+01    1.224e+02    1.380e+02    3.612e+01    0.000e+00
97    7.110e+02    7.278e+00    3.651e+00    4.048e+01    1.012e+02    1.232e+02    1.424e+02    3.656e+01    0.000e+00
98    7.089e+02    7.525e+00    3.410e+00    3.760e+01    9.338e+01    1.219e+02    1.388e+02    3.859e+01    0.000e+00
99    7.027e+02    8.065e+00    4.914e+00    3.735e+01    9.385e+01    1.260e+02    1.359e+02    4.104e+01    0.000e+00
100    7.151e+02    8.200e+00    3.107e+00    3.421e+01    9.737e+01    1.272e+02    1.347e+02    4.196e+01    0.000e+00
# LEU2
1    4.444e+02    1.007e+01    1.907e+01    3.155e+01    8.482e+01    9.861e+01    7.731e+01    2.471e+01    0.000e+00
2    3.953e+02    1.102e+01    1.774e+01    3.415e+01    7.808e+01    8.956e+01    6.239e+01    1.528e+01    0.000e+00
3    3.843e+02    1.107e+01    1.571e+01    2.924e+01    6.531e+01    7.882e+01    6.810e+01    1.602e+01    0.000e+00
4    3.770e+02    1.165e+01    1.243e+01    2.686e+01    6.247e+01    7.966e+01    6.524e+01    1.498e+01    0.000e+00
5    3.579e+02    1.368e+01    1.142e+01    2.510e+01    6.458e+01    7.868e+01    5.754e+01    1.191e+01    0.000e+00
6    4.085e+02    1.481e+01    7.343e+00    3.293e+01    7.491e+01    9.911e+01    6.310e+01    1.208e+01    0.000e+00
7    3.401e+02    1.432e+01    2.548e+00    2.749e+01    5.200e+01    8.361e+01    5.396e+01    1.225e+01    0.000e+00
8    3.752e+02    1.521e+01    3.581e+00    3.184e+01    5.894e+01    9.242e+01    6.121e+01    1.433e+01    0.000e+00
9    3.882e+02    1.565e+01    4.332e+00    3.509e+01    6.097e+01    9.445e+01    6.265e+01    1.491e+01    0.000e+00
10    3.859e+02    1.364e+01    3.699e+00    3.412e+01    5.470e+01    9.418e+01    6.364e+01    1.642e+01    0.000e+00
11    4.540e+02    1.296e+01    6.032e+00    4.178e+01    7.411e+01    1.170e+02    7.036e+01    1.549e+01    0.000e+00
12    4.453e+02    1.233e+01    8.026e+00    3.759e+01    6.672e+01    1.072e+02    7.013e+01    1.765e+01    0.000e+00
13    5.236e+02    1.079e+01    1.304e+01    4.211e+01    8.454e+01    1.242e+02    9.035e+01    2.428e+01    0.000e+00
14    4.453e+02    1.144e+01    7.452e+00    3.558e+01    5.732e+01    1.082e+02    7.736e+01    2.411e+01    0.000e+00
15    4.902e+02    1.278e+01    5.461e+00    3.810e+01    7.244e+01    1.175e+02    8.703e+01    2.585e+01    0.000e+00
16    4.850e+02    1.164e+01    4.504e+00    3.354e+01    7.889e+01    1.125e+02    8.866e+01    2.714e+01    0.000e+00
17    4.729e+02    1.023e+01    3.841e+00    3.539e+01    7.052e+01    1.083e+02    8.828e+01    2.712e+01    0.000e+00
18    4.814e+02    1.148e+01    3.371e+00    3.327e+01    7.369e+01    1.063e+02    9.317e+01    2.867e+01    0.000e+00
19    4.802e+02    1.269e+01    3.595e+00    3.279e+01    6.841e+01    1.039e+02    9.358e+01    2.670e+01    0.000e+00
20    4.930e+02    1.279e+01    7.428e+00    3.187e+01    7.630e+01    1.071e+02    9.706e+01    3.049e+01    0.000e+00
21    3.652e+02    1.347e+01    7.757e+00    2.781e+01    5.991e+01    8.520e+01    5.811e+01    1.741e+01    0.000e+00
22    3.588e+02    1.178e+01    6.718e+00    2.983e+01    5.851e+01    8.560e+01    5.477e+01    1.756e+01    0.000e+00
23    3.682e+02    1.165e+01    7.899e+00    2.771e+01    5.630e+01    8.639e+01    5.968e+01    1.908e+01    0.000e+00
24    3.536e+02    1.160e+01    8.132e+00    2.556e+01    5.500e+01    8.583e+01    5.536e+01    1.716e+01    0.000e+00
25    4.252e+02    1.133e+01    5.967e+00    2.547e+01    5.789e+01    9.804e+01    7.441e+01    2.412e+01    0.000e+00
26    4.172e+02    1.041e+01    6.056e+00    2.656e+01    6.079e+01    9.249e+01    7.160e+01    2.337e+01    0.000e+00
27    4.579e+02    1.180e+01    8.539e+00    3.236e+01    6.994e+01    1.001e+02    8.289e+01    2.477e+01    0.000e+00
28    4.448e+02    1.272e+01    6.588e+00    3.031e+01    6.555e+01    9.838e+01    7.979e+01    2.298e+01    0.000e+00
29    4.245e+02    1.222e+01    3.966e+00    2.957e+01    5.166e+01    9.157e+01    7.445e+01    2.129e+01    0.000e+00
30    4.457e+02    1.000e+01    2.948e+00    3.103e+01    6.857e+01    9.703e+01    8.574e+01    3.064e+01    0.000e+00
31    4.957e+02    1.170e+01    8.322e+00    3.627e+01    8.583e+01    1.101e+02    9.259e+01    3.098e+01    0.000e+00
32    4.592e+02    1.018e+01    9.030e+00    3.399e+01    7.219e+01    1.027e+02    8.190e+01    2.557e+01    0.000e+00
33    4.152e+02    8.446e+00    1.247e+01    2.986e+01    6.280e+01    9.608e+01    7.250e+01    2.387e+01    0.000e+00
34    4.177e+02    8.333e+00    1.540e+01    2.984e+01    6.559e+01    9.539e+01    7.618e+01    2.632e+01    0.000e+00
35    4.263e+02    8.855e+00    1.790e+01    3.162e+01    8.237e+01    1.013e+02    7.416e+01    2.390e+01    0.000e+00
36    4.142e+02    1.008e+01    1.694e+01    3.022e+01    7.989e+01    9.682e+01    7.048e+01    2.235e+01    0.000e+00
37    4.106e+02    1.144e+01    1.511e+01    2.753e+01    8.160e+01    9.657e+01    6.839e+01    2.063e+01    0.000e+00
38    3.809e+02    9.006e+00    1.176e+01    2.275e+01    6.658e+01    8.492e+01    6.608e+01    2.420e+01    0.000e+00
39    3.754e+02    1.038e+01    8.434e+00    2.604e+01    5.518e+01    8.463e+01    6.279e+01    1.801e+01    0.000e+00
40    3.828e+02    1.090e+01    6.992e+00    2.918e+01    5.824e+01    8.572e+01    6.546e+01    1.924e+01    0.000e+00
41    4.122e+02    1.118e+01    3.841e+00    3.170e+01    5.201e+01    9.028e+01    7.517e+01    2.307e+01    0.000e+00
42    4.076e+02    1.263e+01    2.982e+00    3.007e+01    5.964e+01    9.315e+01    7.108e+01    2.209e+01    0.000e+00
43    3.689e+02    1.167e+01    5.940e+00    3.055e+01    5.440e+01    8.612e+01    6.451e+01    2.125e+01    0.000e+00
44    4.086e+02    8.183e+00    7.414e+00    3.098e+01    5.594e+01    9.597e+01    7.670e+01    3.236e+01    0.000e+00
45    3.633e+02    9.317e+00    4.135e+00    2.858e+01    4.354e+01    8.523e+01    6.474e+01    2.443e+01    0.000e+00
46    3.828e+02    8.915e+00    5.136e+00    2.723e+01    5.074e+01    9.014e+01    6.893e+01    2.777e+01    0.000e+00
47    3.990e+02    9.099e+00    4.921e+00    2.730e+01    6.136e+01    9.127e+01    7.330e+01    2.524e+01    0.000e+00
48    4.736e+02    1.222e+01    6.026e+00    3.019e+01    6.745e+01    1.108e+02    8.242e+01    2.490e+01    0.000e+00
49    4.556e+02    1.304e+01    6.227e+00    3.090e+01    7.414e+01    1.045e+02    7.556e+01    2.177e+01    0.000e+00
50    4.474e+02    1.027e+01    9.274e+00    3.000e+01    8.412e+01    1.021e+02    8.473e+01    3.281e+01    0.000e+00
51    4.220e+02    9.483e+00    1.092e+01    2.831e+01    7.093e+01    9.590e+01    8.319e+01    3.333e+01    0.000e+00
52    3.766e+02    9.941e+00    1.365e+01    2.708e+01    6.217e+01    8.511e+01    7.069e+01    2.649e+01    0.000e+00
53    3.841e+02    1.088e+01    1.169e+01    2.693e+01    6.835e+01    8.733e+01    6.697e+01    2.094e+01    0.000e+00
54    3.825e+02    1.323e+01    1.153e+01    2.229e+01    6.754e+01    7.970e+01    6.689e+01    1.961e+01    0.000e+00
55    3.762e+02    1.301e+01    1.407e+01    2.475e+01    7.556e+01    8.506e+01    5.365e+01    1.307e+01    0.000e+00
56    4.195e+02    1.051e+01    1.509e+01    2.414e+01    7.758e+01    9.237e+01    6.944e+01    2.340e+01    0.000e+00
57    4.750e+02    1.056e+01    1.165e+01    2.695e+01    8.233e+01    1.031e+02    8.491e+01    3.096e+01    0.000e+00
58    4.498e+02    1.084e+01    8.823e+00    2.036e+01    7.916e+01    9.278e+01    8.344e+01    3.335e+01    0.000e+00
59    4.727e+02    1.062e+01    7.823e+00    2.441e+01    8.327e+01    1.005e+02    8.438e+01    3.155e+01    0.000e+00
60    4.681e+02    1.083e+01    6.773e+00    2.757e+01    7.717e+01    1.017e+02    8.290e+01    3.153e+01    0.000e+00
61    4.473e+02    1.144e+01    6.158e+00    2.837e+01    6.886e+01    9.750e+01    7.685e+01    2.863e+01    0.000e+00
62    4.417e+02    1.179e+01    6.166e+00    2.685e+01    6.817e+01    9.497e+01    7.519e+01    2.499e+01    0.000e+00
63    4.449e+02    1.031e+01    8.063e+00    2.776e+01    7.286e+01    9.571e+01    7.527e+01    2.433e+01    0.000e+00
64    4.334e+02    1.058e+01    7.999e+00    2.802e+01    6.817e+01    9.788e+01    7.538e+01    2.535e+01    0.000e+00
65    4.626e+02    1.097e+01    9.125e+00    2.710e+01    7.776e+01    1.041e+02    7.955e+01    2.506e+01    0.000e+00
66    4.820e+02    1.025e+01    7.577e+00    2.865e+01    8.639e+01    1.061e+02    9.054e+01    3.318e+01    0.000e+00
67    4.788e+02    1.199e+01    8.452e+00    2.389e+01    9.097e+01    1.094e+02    9.136e+01    3.227e+01    0.000e+00
68    4.375e+02    1.052e+01    1.048e+01    2.285e+01    7.959e+01    9.564e+01    7.815e+01    1.965e+01    0.000e+00
69    4.336e+02    1.031e+01    9.662e+00    2.196e+01    8.370e+01    9.016e+01    7.692e+01    1.940e+01    0.000e+00
70    4.177e+02    1.187e+01    9.673e+00    2.253e+01    7.737e+01    8.939e+01    7.009e+01    1.900e+01    0.000e+00
71    4.145e+02    1.220e+01    7.297e+00    2.401e+01    7.702e+01    8.922e+01    6.929e+01    1.905e+01    0.000e+00
72    4.951e+02    1.081e+01    4.337e+00    2.601e+01    8.826e+01    1.084e+02    9.177e+01    3.602e+01    0.000e+00
73    4.816e+02    1.075e+01    2.238e+00    2.804e+01    9.459e+01    1.082e+02    9.171e+01    3.656e+01    0.000e+00
74    4.661e+02    1.005e+01    1.288e+00    2.935e+01    8.727e+01    1.058e+02    8.922e+01    3.376e+01    0.000e+00
75    4.521e+02    1.087e+01    5.552e-01    2.890e+01    7.271e+01    1.054e+02    8.439e+01    3.015e+01    0.000e+00
76    5.122e+02    1.150e+01    3.333e-01    3.328e+01    9.619e+01    1.236e+02    9.080e+01    2.914e+01    0.000e+00
77    5.119e+02    1.257e+01    4.863e-01    3.461e+01    1.011e+02    1.296e+02    8.900e+01    2.879e+01    0.000e+00
78    5.411e+02    1.170e+01    4.780e-01    3.460e+01    9.800e+01    1.386e+02    9.560e+01    3.372e+01    0.000e+00
79    4.336e+02    1.211e+01    1.690e-01    2.584e+01    6.363e+01    1.036e+02    7.790e+01    2.877e+01    0.000e+00
80    4.083e+02    1.102e+01    1.056e-02    2.290e+01    6.001e+01    9.218e+01    7.852e+01    2.880e+01    0.000e+00
81    4.104e+02    1.034e+01    1.370e-02    2.383e+01    5.958e+01    9.118e+01    7.932e+01    2.798e+01    0.000e+00
82    4.770e+02    1.309e+01    6.320e-02    2.821e+01    7.649e+01    1.097e+02    8.848e+01    3.261e+01    0.000e+00
83    5.254e+02    1.099e+01    1.031e+00    3.148e+01    1.016e+02    1.264e+02    9.757e+01    3.717e+01    0.000e+00
84    4.353e+02    1.635e+01    5.799e-01    2.956e+01    8.996e+01    1.111e+02    6.402e+01    1.488e+01    0.000e+00
85    4.994e+02    1.068e+01    4.275e-01    2.726e+01    8.129e+01    1.157e+02    8.931e+01    3.084e+01    0.000e+00
86    4.567e+02    1.096e+01    5.005e-01    2.684e+01    6.678e+01    1.094e+02    8.183e+01    2.705e+01    0.000e+00
87    4.948e+02    1.162e+01    1.089e+00    2.716e+01    7.978e+01    1.182e+02    8.304e+01    2.382e+01    0.000e+00
88    5.024e+02    1.170e+01    1.996e+00    2.821e+01    8.555e+01    1.167e+02    9.224e+01    2.394e+01    0.000e+00
89    5.135e+02    1.104e+01    3.129e+00    2.779e+01    8.541e+01    1.230e+02    9.028e+01    2.285e+01    0.000e+00
90    4.798e+02    1.112e+01    2.362e+00    2.368e+01    8.590e+01    1.142e+02    8.222e+01    2.359e+01    0.000e+00
91    4.611e+02    1.068e+01    1.562e+00    2.375e+01    8.235e+01    1.055e+02    7.836e+01    2.282e+01    0.000e+00
92    4.802e+02    1.079e+01    1.466e+00    2.879e+01    8.930e+01    1.065e+02    8.099e+01    2.342e+01    0.000e+00
93    4.971e+02    1.038e+01    1.108e+00    2.947e+01    8.194e+01    1.109e+02    9.027e+01    2.483e+01    0.000e+00
94    4.627e+02    9.544e+00    8.871e-01    2.846e+01    8.028e+01    1.083e+02    8.345e+01    2.519e+01    0.000e+00
95    4.700e+02    8.661e+00    3.823e-01    2.962e+01    7.660e+01    1.094e+02    9.039e+01    2.957e+01    0.000e+00
96    4.412e+02    9.882e+00    2.148e-01    2.614e+01    7.604e+01    9.600e+01    8.125e+01    2.802e+01    0.000e+00
97    4.692e+02    9.609e+00    4.125e-01    3.170e+01    8.844e+01    1.105e+02    8.294e+01    2.771e+01    0.000e+00
98    4.362e+02    1.039e+01    7.148e-01    2.627e+01    7.861e+01    1.022e+02    7.754e+01    2.737e+01    0.000e+00
99    4.111e+02    8.699e+00    5.679e-01    2.482e+01    7.963e+01    1.018e+02    7.501e+01    3.078e+01    0.000e+00
100    4.179e+02    8.312e+00    1.121e+00    2.479e+01    8.281e+01    9.699e+01    7.334e+01    2.632e+01    0.000e+00
# LEU3
1    3.795e+02    1.207e+01    1.346e+01    2.445e+01    7.359e+01    9.740e+01    4.845e+01    9.258e+00    0.000e+00
2    4.053e+02    1.117e+01    1.465e+01    2.627e+01    7.692e+01    1.038e+02    5.484e+01    1.056e+01    0.000e+00
3    4.277e+02    1.209e+01    1.198e+01    2.943e+01    7.923e+01    1.056e+02    6.271e+01    1.074e+01    0.000e+00
4    4.544e+02    1.134e+01    1.286e+01    3.127e+01    8.535e+01    1.119e+02    6.165e+01    1.068e+01    0.000e+00
5    4.275e+02    1.081e+01    1.456e+01    2.935e+01    7.863e+01    1.047e+02    5.888e+01    1.134e+01    0.000e+00
6    4.923e+02    1.225e+01    1.280e+01    3.205e+01    9.344e+01    1.175e+02    6.862e+01    1.270e+01    0.000e+00
7    4.501e+02    1.340e+01    1.060e+01    2.766e+01    8.079e+01    1.039e+02    6.653e+01    1.103e+01    0.000e+00
8    5.138e+02    1.231e+01    9.120e+00    3.083e+01    9.699e+01    1.172e+02    8.854e+01    2.685e+01    0.000e+00
9    4.982e+02    1.262e+01    7.834e+00    3.098e+01    9.262e+01    1.132e+02    8.739e+01    2.758e+01    0.000e+00
10    4.467e+02    1.465e+01    9.346e+00    3.136e+01    8.420e+01    1.017e+02    6.541e+01    1.107e+01    0.000e+00
11    4.387e+02    1.528e+01    1.061e+01    2.503e+01    7.523e+01    1.011e+02    6.069e+01    9.668e+00    0.000e+00
12    4.328e+02    1.345e+01    1.206e+01    2.879e+01    8.365e+01    9.920e+01    5.997e+01    1.052e+01    0.000e+00
13    4.293e+02    1.222e+01    1.460e+01    2.958e+01    9.213e+01    9.615e+01    5.830e+01    9.947e+00    0.000e+00
14    4.158e+02    1.204e+01    1.407e+01    2.890e+01    8.918e+01    8.842e+01    5.566e+01    8.825e+00    0.000e+00
15    4.029e+02    1.235e+01    1.344e+01    2.545e+01    7.988e+01    8.371e+01    5.686e+01    8.306e+00    0.000e+00
16    4.028e+02    1.244e+01    1.336e+01    2.215e+01    8.077e+01    8.608e+01    5.394e+01    7.833e+00    0.000e+00
17    4.300e+02    1.251e+01    1.554e+01    2.192e+01    8.249e+01    9.063e+01    5.590e+01    8.913e+00    0.000e+00
18    4.394e+02    1.395e+01    1.503e+01    2.258e+01    8.001e+01    9.040e+01    5.931e+01    8.593e+00    0.000e+00
19    4.207e+02    1.236e+01    1.288e+01    2.216e+01    7.625e+01    8.921e+01    5.513e+01    6.792e+00    0.000e+00
20    4.492e+02    1.190e+01    1.174e+01    2.303e+01    8.487e+01    9.535e+01    6.560e+01    1.026e+01    0.000e+00
21    4.446e+02    1.051e+01    1.303e+01    2.474e+01    8.107e+01    9.414e+01    6.099e+01    9.401e+00    0.000e+00
22    4.934e+02    1.265e+01    1.605e+01    2.663e+01    9.190e+01    1.057e+02    6.734e+01    1.017e+01    0.000e+00
23    5.149e+02    1.155e+01    1.425e+01    2.708e+01    8.924e+01    1.141e+02    8.049e+01    1.530e+01    0.000e+00
24    5.144e+02    1.134e+01    1.326e+01    2.787e+01    9.307e+01    1.031e+02    8.559e+01    1.829e+01    0.000e+00
25    4.923e+02    1.185e+01    1.110e+01    2.893e+01    9.328e+01    1.020e+02    8.051e+01    1.771e+01    0.000e+00
26    4.620e+02    1.188e+01    9.551e+00    2.969e+01    8.308e+01    9.470e+01    7.233e+01    1.656e+01    0.000e+00
27    3.869e+02    1.456e+01    4.772e+00    2.666e+01    7.063e+01    8.220e+01    5.315e+01    8.643e+00    0.000e+00
28    3.848e+02    1.426e+01    6.547e+00    2.621e+01    7.230e+01    8.455e+01    5.671e+01    7.812e+00    0.000e+00
29    4.197e+02    1.680e+01    6.492e+00    2.688e+01    7.459e+01    7.744e+01    6.739e+01    1.072e+01    0.000e+00
30    4.225e+02    1.498e+01    6.996e+00    2.652e+01    7.672e+01    7.714e+01    6.535e+01    1.237e+01    0.000e+00
31    4.832e+02    1.343e+01    9.350e+00    3.434e+01    9.705e+01    1.006e+02    7.831e+01    1.503e+01    0.000e+00
32    4.140e+02    1.235e+01    8.364e+00    3.141e+01    7.955e+01    8.528e+01    6.402e+01    1.266e+01    0.000e+00
33    3.974e+02    1.137e+01    8.548e+00    3.171e+01    8.122e+01    7.806e+01    6.007e+01    1.268e+01    0.000e+00
34    3.723e+02    1.061e+01    8.670e+00    3.011e+01    7.595e+01    7.712e+01    5.299e+01    1.223e+01    0.000e+00
35    3.430e+02    1.190e+01    1.232e+01    2.689e+01    6.436e+01    7.066e+01    4.696e+01    1.164e+01    0.000e+00
36    4.211e+02    1.196e+01    1.750e+01    3.212e+01    7.039e+01    9.849e+01    5.866e+01    1.281e+01    0.000e+00
37    4.113e+02    1.269e+01    1.106e+01    3.058e+01    7.179e+01    9.342e+01    5.590e+01    1.181e+01    0.000e+00
38    4.337e+02    1.285e+01    9.596e+00    2.979e+01    6.774e+01    9.722e+01    6.323e+01    1.188e+01    0.000e+00
39    4.307e+02    1.380e+01    9.006e+00    2.927e+01    7.909e+01    9.674e+01    6.064e+01    1.236e+01    0.000e+00
40    3.727e+02    1.245e+01    1.011e+01    2.599e+01    7.683e+01    8.341e+01    5.308e+01    1.167e+01    0.000e+00
41    3.697e+02    1.280e+01    1.163e+01    2.339e+01    6.343e+01    7.666e+01    5.278e+01    1.048e+01    0.000e+00
42    3.645e+02    1.486e+01    8.310e+00    2.376e+01    7.086e+01    7.992e+01    5.166e+01    1.135e+01    0.000e+00
43    4.008e+02    1.431e+01    1.203e+01    2.559e+01    7.537e+01    8.619e+01    5.322e+01    1.052e+01    0.000e+00
44    4.902e+02    1.015e+01    1.505e+01    3.009e+01    8.697e+01    1.078e+02    7.860e+01    1.882e+01    0.000e+00
45    5.405e+02    9.664e+00    1.817e+01    3.805e+01    1.058e+02    1.178e+02    8.470e+01    2.021e+01    0.000e+00
46    5.218e+02    9.992e+00    1.427e+01    3.478e+01    9.073e+01    1.067e+02    8.050e+01    1.520e+01    0.000e+00
47    5.120e+02    9.240e+00    1.514e+01    3.393e+01    9.374e+01    1.055e+02    7.961e+01    1.489e+01    0.000e+00
48    5.261e+02    1.076e+01    1.492e+01    3.218e+01    9.562e+01    1.011e+02    8.077e+01    1.574e+01    0.000e+00
49    4.626e+02    1.152e+01    9.921e+00    3.052e+01    7.973e+01    8.617e+01    6.483e+01    1.135e+01    0.000e+00
50    4.779e+02    1.279e+01    1.156e+01    3.114e+01    7.918e+01    9.387e+01    6.841e+01    1.234e+01    0.000e+00
51    4.480e+02    1.184e+01    1.095e+01    2.737e+01    7.747e+01    9.277e+01    7.092e+01    1.258e+01    0.000e+00
52    4.058e+02    1.290e+01    1.139e+01    2.282e+01    7.544e+01    8.351e+01    6.344e+01    1.143e+01    0.000e+00
53    4.175e+02    1.254e+01    9.051e+00    2.644e+01    6.976e+01    9.072e+01    6.521e+01    1.169e+01    0.000e+00
54    4.451e+02    1.125e+01    8.756e+00    3.151e+01    8.455e+01    1.014e+02    6.851e+01    1.175e+01    0.000e+00
55    4.519e+02    1.186e+01    8.843e+00    3.066e+01    7.989e+01    9.733e+01    6.718e+01    1.392e+01    0.000e+00
56    4.266e+02    1.144e+01    1.022e+01    2.644e+01    7.286e+01    8.586e+01    6.771e+01    1.532e+01    0.000e+00
57    4.067e+02    1.181e+01    8.099e+00    2.494e+01    7.413e+01    7.884e+01    6.252e+01    1.340e+01    0.000e+00
58    4.081e+02    1.067e+01    8.103e+00    2.380e+01    6.747e+01    8.057e+01    6.293e+01    1.365e+01    0.000e+00
59    4.343e+02    1.252e+01    9.083e+00    2.826e+01    7.033e+01    9.107e+01    6.122e+01    1.261e+01    0.000e+00
60    4.209e+02    1.266e+01    1.187e+01    2.797e+01    8.223e+01    8.513e+01    5.693e+01    1.305e+01    0.000e+00
61    4.282e+02    1.200e+01    1.306e+01    2.761e+01    8.567e+01    9.193e+01    5.526e+01    1.146e+01    0.000e+00
62    4.202e+02    1.142e+01    1.589e+01    2.714e+01    8.209e+01    8.540e+01    5.582e+01    1.206e+01    0.000e+00
63    4.615e+02    1.023e+01    1.693e+01    2.662e+01    9.234e+01    9.443e+01    7.408e+01    2.295e+01    0.000e+00
64    4.462e+02    9.137e+00    1.828e+01    2.567e+01    9.122e+01    8.783e+01    7.442e+01    2.504e+01    0.000e+00
65    4.074e+02    1.194e+01    1.970e+01    2.981e+01    9.266e+01    8.670e+01    6.062e+01    1.411e+01    0.000e+00
66    4.094e+02    1.234e+01    2.221e+01    3.234e+01    8.443e+01    8.842e+01    5.882e+01    1.371e+01    0.000e+00
67    3.652e+02    1.285e+01    1.344e+01    2.506e+01    7.124e+01    8.361e+01    5.313e+01    1.309e+01    0.000e+00
68    4.433e+02    1.154e+01    1.425e+01    2.819e+01    7.110e+01    9.695e+01    8.371e+01    3.088e+01    0.000e+00
69    4.407e+02    1.051e+01    1.349e+01    2.846e+01    7.031e+01    9.500e+01    8.537e+01    2.839e+01    0.000e+00
70    4.309e+02    1.037e+01    1.285e+01    2.604e+01    6.845e+01    8.966e+01    8.219e+01    2.984e+01    0.000e+00
71    3.843e+02    1.296e+01    1.307e+01    2.688e+01    7.394e+01    8.501e+01    6.021e+01    1.169e+01    0.000e+00
72    3.956e+02    1.369e+01    1.003e+01    2.588e+01    7.628e+01    8.812e+01    6.138e+01    1.122e+01    0.000e+00
73    3.889e+02    1.182e+01    1.029e+01    2.406e+01    7.041e+01    7.908e+01    6.302e+01    1.311e+01    0.000e+00
74    3.958e+02    1.182e+01    9.842e+00    2.666e+01    7.083e+01    8.008e+01    6.645e+01    1.325e+01    0.000e+00
75    5.081e+02    1.160e+01    8.188e+00    3.059e+01    7.403e+01    9.129e+01    9.214e+01    2.248e+01    0.000e+00
76    5.179e+02    1.183e+01    7.810e+00    3.389e+01    7.562e+01    9.845e+01    9.520e+01    2.110e+01    0.000e+00
77    4.983e+02    1.120e+01    6.627e+00    3.197e+01    7.898e+01    1.022e+02    9.135e+01    2.071e+01    0.000e+00
78    4.572e+02    1.132e+01    6.235e+00    3.198e+01    6.447e+01    9.754e+01    8.700e+01    2.399e+01    0.000e+00
79    4.474e+02    1.092e+01    5.969e+00    3.080e+01    6.900e+01    9.934e+01    8.754e+01    2.978e+01    0.000e+00
80    3.544e+02    1.330e+01    1.679e+00    2.826e+01    5.942e+01    8.144e+01    5.754e+01    1.345e+01    0.000e+00
81    5.081e+02    9.655e+00    2.818e+00    3.249e+01    8.145e+01    1.119e+02    9.989e+01    3.636e+01    0.000e+00
82    3.882e+02    1.161e+01    4.394e-01    2.731e+01    6.281e+01    8.411e+01    6.876e+01    2.245e+01    0.000e+00
83    3.547e+02    1.480e+01    9.967e-01    2.725e+01    6.953e+01    7.940e+01    5.258e+01    1.522e+01    0.000e+00
84    3.474e+02    1.613e+01    1.893e+00    2.570e+01    6.552e+01    7.682e+01    5.196e+01    1.483e+01    0.000e+00
85    3.369e+02    1.499e+01    2.444e+00    2.622e+01    5.607e+01    7.905e+01    5.505e+01    1.507e+01    0.000e+00
86    3.492e+02    1.453e+01    2.992e+00    2.620e+01    5.867e+01    7.857e+01    5.589e+01    1.647e+01    0.000e+00
87    3.752e+02    1.492e+01    2.932e+00    2.890e+01    6.187e+01    8.248e+01    5.918e+01    1.536e+01    0.000e+00
88    4.343e+02    1.263e+01    3.486e+00    3.002e+01    6.839e+01    9.130e+01    7.762e+01    2.356e+01    0.000e+00
89    4.416e+02    1.077e+01    5.609e+00    2.814e+01    7.229e+01    8.704e+01    8.478e+01    3.119e+01    0.000e+00
90    4.238e+02    1.127e+01    1.036e+01    2.610e+01    8.045e+01    7.963e+01    8.071e+01    2.759e+01    0.000e+00
91    3.748e+02    1.280e+01    1.362e+01    2.495e+01    8.691e+01    7.155e+01    6.178e+01    1.522e+01    0.000e+00
92    3.812e+02    1.259e+01    1.378e+01    2.324e+01    7.826e+01    7.633e+01    5.958e+01    1.306e+01    0.000e+00
93    4.006e+02    1.349e+01    1.325e+01    2.638e+01    8.531e+01    8.561e+01    6.260e+01    1.440e+01    0.000e+00
94    3.964e+02    1.280e+01    8.458e+00    2.564e+01    7.248e+01    8.624e+01    6.103e+01    1.413e+01    0.000e+00
95    4.019e+02    1.155e+01    7.978e+00    2.349e+01    8.082e+01    8.751e+01    6.167e+01    1.753e+01    0.000e+00
96    3.825e+02    1.296e+01    6.095e+00    1.789e+01    6.962e+01    8.044e+01    6.046e+01    1.610e+01    0.000e+00
97    3.859e+02    1.266e+01    5.490e+00    1.900e+01    7.201e+01    8.319e+01    6.551e+01    1.475e+01    0.000e+00
98    3.926e+02    1.308e+01    5.253e+00    2.101e+01    6.069e+01    8.594e+01    7.373e+01    1.924e+01    0.000e+00
99    3.800e+02    1.456e+01    4.122e+00    2.459e+01    6.503e+01    8.298e+01    6.013e+01    1.093e+01    0.000e+00
100    3.682e+02    1.394e+01    3.152e+00    2.034e+01    6.473e+01    7.823e+01    5.989e+01    9.934e+00    0.000e+00
