1    A    0.2619   [-0.0611,0.4447] 0.1661 490/501
1    A    0.2619   [-0.0611,0.4447] 0.1661 490/501
2    L    0.3200   [0.0898,0.4447] 0.2012 481/501
3    H    -0.7687  [-1.0204,-0.7130] 0.0856 488/501
4    W    0.1154   [-0.2013,0.2564] 0.1916 489/501
5    R    -0.1887  [-0.4608,-0.0611] 0.1381 492/501
6    A    -0.6084  [-0.8490,-0.5859] 0.0964 492/501
7    A    0.4373   [0.0898,0.4447] 0.1776 492/501
8    G    1.8067   [1.2784,1.7969] 0.1853 492/501
9    A    -0.2066  [-0.4608,-0.0611] 0.1662 493/501
10   A    -0.2748  [-0.4608,-0.2013] 0.1220 495/501
11   T    1.0270   [0.6641,1.2784] 0.2159 495/501
12   V    1.6626   [0.9304,1.7969] 0.2334 495/501
13   L    0.4210   [0.0898,0.4447] 0.1787 495/501
14   L    0.1830   [-0.0611,0.2564] 0.1575 501/501
15   V    2.8857   [1.7969,3.1016] 0.4850 501/501
16   I    0.7576   [0.4447,0.9304] 0.2313 501/501
17   V    0.0684   [-0.2013,0.2564] 0.1679 501/501
18   L    0.3438   [0.0898,0.4447] 0.1763 501/501
19   L    1.6322   [0.9304,1.7969] 0.2566 501/501
20   A    0.8152   [0.4447,0.9304] 0.2068 501/501
21   G    -0.1758  [-0.4608,-0.0611] 0.1449 501/501
22   S    -0.3170  [-0.4608,-0.2013] 0.1140 501/501
23   Y    -0.3908  [-0.5859,-0.3335] 0.1512 501/501
24   L    -0.6887  [-0.8490,-0.5859] 0.0875 501/501
25   A    -0.2438  [-0.4608,-0.2013] 0.1246 501/501
26   V    -0.2924  [-0.4608,-0.2013] 0.1496 501/501
27   L    0.0782   [-0.2013,0.2564] 0.1621 501/501
28   A    -0.2620  [-0.4608,-0.2013] 0.1216 501/501
29   E    -1.0204  [-1.1801,-1.0204] 0.0024 501/501
30   R    -0.3614  [-0.5859,-0.3335] 0.1235 501/501
31   G    2.1416   [1.2784,3.1016] 0.5812 501/501
32   A    0.1425   [-0.0611,0.2564] 0.1526 501/501
33   P    0.3964   [0.0898,0.4447] 0.2035 501/501
34   G    1.3520   [0.9304,1.2784] 0.2819 501/501
35   A    -0.5683  [-0.7130,-0.4608] 0.0961 501/501
36   Q    0.5740   [0.2564,0.6641] 0.1796 498/501
37   L    -1.0042  [-1.1801,-1.0204] 0.0506 501/501
38   I    0.9812   [0.6641,1.2784] 0.2115 501/501
39   T    0.0848   [-0.2013,0.2564] 0.1417 501/501
40   Y    0.0463   [-0.2013,0.0898] 0.1892 501/501
41   P    0.3044   [-0.0611,0.4447] 0.2094 501/501
42   R    0.6840   [0.2564,0.9304] 0.2057 501/501
43   A    -0.8587  [-1.0204,-0.8490] 0.0632 501/501
44   L    0.4165   [0.0898,0.4447] 0.2084 501/501
45   W    -1.0117  [-1.1801,-1.0204] 0.0404 501/501
46   W    -1.0117  [-1.1801,-1.0204] 0.0404 501/501
47   S    -0.3832  [-0.5859,-0.3335] 0.1085 501/501
48   V    1.3441   [0.9304,1.2784] 0.2623 501/501
49   E    -0.1648  [-0.3335,-0.0611] 0.1354 501/501
50   T    -1.0204  [-1.1801,-1.0204] 0.0002 501/501
51   A    -0.3469  [-0.5859,-0.3335] 0.1166 501/501
52   T    -1.0148  [-1.1801,-1.0204] 0.0305 501/501
53   T    -1.0204  [-1.1801,-1.0204] 0.0007 501/501
54   V    -1.0204  [-1.1801,-1.0204] 0.0027 501/501
55   G    -1.0201  [-1.1801,-1.0204] 0.0071 501/501
56   Y    -1.0195  [-1.1801,-1.0204] 0.0127 501/501
57   G    -1.0201  [-1.1801,-1.0204] 0.0071 501/501
58   D    -1.0204  [-1.1801,-1.0204] 0.0031 501/501
59   L    3.0801   [1.7969,3.1016] 0.1662 501/501
60   Y    0.8175   [0.4447,0.9304] 0.2407 501/501
61   P    -1.0198  [-1.1801,-1.0204] 0.0100 501/501
62   V    -0.4502  [-0.5859,-0.3335] 0.1076 501/501
63   T    -1.0204  [-1.1801,-1.0204] 0.0011 501/501
64   L    3.0990   [1.7969,3.1016] 0.0574 501/501
65   W    1.7146   [1.2784,1.7969] 0.1961 501/501
66   G    -1.0201  [-1.1801,-1.0204] 0.0071 501/501
67   R    -1.0148  [-1.1801,-1.0204] 0.0306 501/501
68   C    2.9656   [1.7969,3.1016] 0.3989 501/501
69   V    -0.3177  [-0.4608,-0.2013] 0.1179 501/501
70   A    -1.0184  [-1.1801,-1.0204] 0.0187 501/501
71   V    0.6838   [0.4447,0.9304] 0.1934 501/501
72   V    0.7344   [0.4447,0.9304] 0.2184 501/501
73   V    -0.5177  [-0.7130,-0.4608] 0.1249 501/501
74   M    -1.0204  [-1.1801,-1.0204] 0.0012 501/501
75   V    0.9436   [0.6641,0.9304] 0.2183 501/501
76   A    -0.0191  [-0.2013,0.0898] 0.1528 501/501
77   G    -1.0198  [-1.1801,-1.0204] 0.0100 501/501
78   I    -0.8275  [-1.0204,-0.8490] 0.0567 501/501
79   T    -0.4693  [-0.7130,-0.4608] 0.1056 501/501
80   S    -0.1472  [-0.3335,-0.0611] 0.1564 501/501
81   F    -0.1574  [-0.3335,-0.0611] 0.1520 501/501
82   G    -0.9889  [-1.1801,-1.0204] 0.0696 501/501
83   L    0.0293   [-0.2013,0.0898] 0.1492 501/501
84   V    -0.7530  [-1.0204,-0.7130] 0.0835 501/501
85   T    -1.0203  [-1.1801,-1.0204] 0.0033 501/501
86   A    -1.0138  [-1.1801,-1.0204] 0.0332 501/501
87   A    -0.5290  [-0.7130,-0.4608] 0.0959 501/501
88   L    0.1225   [-0.2013,0.2564] 0.1794 501/501
89   A    -1.0175  [-1.1801,-1.0204] 0.0222 501/501
90   T    -0.7891  [-1.0204,-0.7130] 0.0742 501/501
91   W    -0.4764  [-0.7130,-0.3335] 0.1941 501/501
92   F    -0.3794  [-0.5859,-0.3335] 0.1323 501/501
93   V    -0.5659  [-0.7130,-0.4608] 0.0990 501/501
94   G    0.5523   [0.2564,0.6641] 0.2048 501/501
95   R    0.1723   [-0.0611,0.2564] 0.1657 501/501
96   E    -0.1822  [-0.4608,-0.0611] 0.1364 501/501
97   Q    0.8617   [0.4447,0.9304] 0.2058 501/501
