1    A    0.0901   [-0.1816,0.2367] 0.2467 197/201
1    A    0.0901   [-0.1816,0.2367] 0.2467 197/201
2    L    0.3863   [0.0118,0.5033] 0.3482 197/201
3    H    -0.7908  [-0.9396,-0.7472] 0.1138 197/201
4    W    0.4734   [0.0118,0.8276] 0.3543 197/201
5    R    0.2511   [-0.1816,0.5033] 0.2841 197/201
6    A    -0.7140  [-0.9396,-0.6306] 0.1256 197/201
7    A    -0.1850  [-0.4990,0.0118] 0.2063 197/201
8    G    2.4621   [1.2403,2.6765] 0.4817 197/201
9    A    0.7193   [0.2367,0.8276] 0.4290 195/201
10   A    -0.4413  [-0.6306,-0.3504] 0.1767 195/201
11   T    0.3991   [0.0118,0.5033] 0.2865 195/201
12   V    2.2612   [1.2403,2.6765] 0.4945 197/201
13   L    0.6396   [0.2367,0.8276] 0.3217 197/201
14   L    -0.0113  [-0.3504,0.2367] 0.2550 201/201
15   V    1.8863   [1.2403,1.8012] 0.5080 201/201
16   I    1.3862   [0.8276,1.8012] 0.4416 201/201
17   V    -0.2405  [-0.4990,-0.1816] 0.2203 201/201
18   L    0.2406   [-0.1816,0.5033] 0.2841 201/201
19   L    0.6963   [0.2367,0.8276] 0.4035 201/201
20   A    2.3416   [1.2403,2.6765] 0.4768 201/201
21   G    -0.2649  [-0.4990,-0.1816] 0.2281 201/201
22   S    -0.4461  [-0.6306,-0.3504] 0.1620 201/201
23   Y    0.2068   [-0.1816,0.5033] 0.3647 201/201
24   L    -0.1015  [-0.3504,0.0118] 0.2294 201/201
25   A    0.0049   [-0.3504,0.2367] 0.2378 201/201
26   V    0.0947   [-0.3504,0.2367] 0.2741 201/201
27   L    0.6137   [0.2367,0.8276] 0.3326 201/201
28   A    -0.3779  [-0.6306,-0.3504] 0.1810 201/201
29   E    -0.9871  [-1.0402,-0.9396] 0.0499 201/201
30   R    0.5724   [0.0118,0.8276] 0.3226 201/201
31   G    0.7831   [0.2367,0.8276] 0.3888 201/201
32   A    -0.3981  [-0.6306,-0.3504] 0.1752 201/201
33   P    0.5246   [0.0118,0.8276] 0.3468 201/201
34   G    2.1705   [1.2403,2.6765] 0.5151 201/201
35   A    -0.9169  [-1.0128,-0.8502] 0.0755 201/201
36   Q    0.4770   [0.0118,0.5033] 0.2932 201/201
37   L    -0.6858  [-0.8502,-0.6306] 0.1369 201/201
38   I    0.1200   [-0.1816,0.2367] 0.2495 201/201
39   T    -0.0462  [-0.3504,0.0118] 0.2130 201/201
40   Y    -0.0514  [-0.3504,0.2367] 0.3009 201/201
41   P    -0.0578  [-0.3504,0.0118] 0.2981 201/201
42   R    1.6503   [0.8276,1.8012] 0.4767 201/201
43   A    -0.6883  [-0.8502,-0.6306] 0.1267 201/201
44   L    -0.2470  [-0.6306,-0.1816] 0.2577 201/201
45   W    -0.9031  [-1.0402,-0.8502] 0.1464 201/201
46   W    -0.9031  [-1.0402,-0.8502] 0.1464 201/201
47   S    -0.4421  [-0.6306,-0.3504] 0.1628 201/201
48   V    0.8815   [0.2367,1.2403] 0.3506 201/201
49   E    -0.6745  [-0.8502,-0.6306] 0.1408 201/201
50   T    -0.9991  [-1.0402,-1.0128] 0.0339 201/201
51   A    -0.5726  [-0.7472,-0.4990] 0.1503 201/201
52   T    -0.9701  [-1.0402,-0.9396] 0.0564 201/201
53   T    -0.9991  [-1.0402,-1.0128] 0.0339 201/201
54   V    -0.9647  [-1.0402,-0.9396] 0.0606 201/201
55   G    -0.9677  [-1.0402,-0.9396] 0.0731 201/201
56   Y    -0.9634  [-1.0402,-0.9396] 0.0782 201/201
57   G    -0.9677  [-1.0402,-0.9396] 0.0731 201/201
58   D    -0.8400  [-1.0128,-0.7472] 0.1024 201/201
59   L    1.6423   [0.8276,1.8012] 0.5333 201/201
60   Y    0.4128   [0.0118,0.5033] 0.3683 201/201
61   P    -0.9102  [-1.0402,-0.8502] 0.1004 201/201
62   V    -0.7763  [-0.9396,-0.7472] 0.1104 201/201
63   T    -0.9991  [-1.0402,-1.0128] 0.0339 201/201
64   L    3.9149   [1.8012,5.0394] 1.1978 201/201
65   W    2.0719   [1.2403,2.6765] 0.5923 201/201
66   G    -0.9677  [-1.0402,-0.9396] 0.0731 201/201
67   R    -0.9484  [-1.0402,-0.9396] 0.0726 201/201
68   C    2.2754   [1.2403,2.6765] 0.4889 201/201
69   V    -0.2375  [-0.4990,-0.1816] 0.2007 201/201
70   A    -0.8587  [-1.0128,-0.8502] 0.0925 201/201
71   V    1.4972   [0.8276,1.8012] 0.4331 201/201
72   V    0.4174   [0.0118,0.5033] 0.3062 201/201
73   V    -0.6960  [-0.8502,-0.6306] 0.1435 201/201
74   M    -0.9590  [-1.0402,-0.9396] 0.0647 201/201
75   V    0.8418   [0.2367,1.2403] 0.3562 201/201
76   A    -0.2792  [-0.4990,-0.1816] 0.2016 201/201
77   G    -0.8974  [-1.0128,-0.8502] 0.1096 201/201
78   I    -0.8227  [-0.9396,-0.7472] 0.0994 201/201
79   T    -0.4958  [-0.7472,-0.3504] 0.1594 201/201
80   S    0.0041   [-0.3504,0.2367] 0.2522 201/201
81   F    -0.2694  [-0.6306,-0.1816] 0.2496 201/201
82   G    -0.8346  [-1.0128,-0.7472] 0.1230 201/201
83   L    0.0018   [-0.3504,0.2367] 0.2476 201/201
84   V    -0.7316  [-0.9396,-0.6306] 0.1193 201/201
85   T    -0.9710  [-1.0402,-0.9396] 0.0557 201/201
86   A    -0.9137  [-1.0128,-0.8502] 0.0773 201/201
87   A    -0.6569  [-0.8502,-0.6306] 0.1300 201/201
88   L    0.1273   [-0.3504,0.2367] 0.3120 201/201
89   A    -0.9171  [-1.0128,-0.8502] 0.0754 201/201
90   T    -0.7614  [-0.9396,-0.7472] 0.1073 201/201
91   W    -0.7468  [-1.0128,-0.6306] 0.2193 201/201
92   F    -0.5419  [-0.7472,-0.4990] 0.1924 201/201
93   V    -0.7651  [-0.9396,-0.7472] 0.1148 201/201
94   G    0.7235   [0.2367,0.8276] 0.3893 201/201
95   R    0.1552   [-0.1816,0.2367] 0.2669 201/201
96   E    -0.4611  [-0.7472,-0.3504] 0.1796 201/201
97   Q    0.8194   [0.2367,1.2403] 0.3486 201/201
