        51      0.94   1.06  |    1.06   
        52      0.48   1.17  |    1.17   
        54      0.55   1.00  |    1.00   
        55      0.42   0.86  |    0.86   
        58      0.51   0.63  |    0.63   
        93      0.70   2.28  |    2.28   
        96      0.43   1.29  |    1.29   
        97      1.02   1.30  |    1.30   
        98      1.26   1.28  |    1.28   
       106      1.24   2.55  |    2.55   
       107      1.05   2.71  |    2.71   
       108      1.84   3.22  |    3.22   
       138      1.71   1.97  |    1.97   
       184      0.64   3.08  |    3.08   
       186      0.89   3.18  |    3.18   

                0.91   1.84