              trj_shorten        0.67626          0.25974          0.00000          0.17073          0.13932          0.00000          0.00000          0.02280          0.46135    
                        2          0.83453          0.31169          0.01894          0.04878          0.23529          0.00000          0.29442          0.49186          0.70574    
                        3          0.79137          0.15584          0.00000          0.10865          0.16409          0.00000          0.00000          0.05537          0.40399    
                        4          0.84892          0.12338          0.01136          0.10200          0.26006          0.02899          0.22843          0.31270          0.57107    
                        5          0.77338          0.22078          0.00000          0.03548          0.19505          0.00362          0.00000          0.00000          0.43890    
                        6          0.78058          0.09740          0.00379          0.09313          0.22910          0.00000          0.00000          0.00000          0.43641    
                        7          0.82374          0.19481          0.00758          0.13525          0.25387          0.23188          0.33249          0.52769          0.29676    
                        8          0.77698          0.14935          0.19697          0.25499          0.00310          0.28986          0.30457          0.83713          0.21197    
                        9          0.87410          0.18831          0.08712          0.17073          0.04025          0.28261          0.36802          0.70684          0.66085    
                       10          0.83094          0.31169          0.07576          0.15299          0.17028          0.02899          0.04569          0.52117          0.71322    
                       11          0.83813          0.26623          0.20455          0.15299          0.14551          0.10870          0.04569          0.56678          0.68329    
                       12          0.78058          0.15584          0.25758          0.33925          0.22291          0.13406          0.07107          0.56026          0.67830    
                       13          0.84892          0.29870          0.38258          0.36142          0.30960          0.01087          0.00000          0.28339          0.57855    
                       14          0.73741          0.25974          0.12500          0.14191          0.51703          0.07246          0.02538          0.43974          0.60599    
                       15          0.92446          0.22078          0.23864          0.08647          0.65325          0.32609          0.25635          0.41042          0.47880    
                       16          0.82734          0.54545          0.16667          0.01552          0.47368          0.40942          0.42132          0.65472          0.63591    
                       17          0.68705          0.33117          0.05682          0.13747          0.46749          0.51812          0.67259          0.73616          0.72319    
                       18          0.76978          0.49351          0.03030          0.33259          0.13622          0.63406          0.70812          0.78502          0.73815    
                       19          0.84892          0.50000          0.08712          0.79601          0.09907          0.66667          0.64975          0.80130          0.71072    
                       20          0.80576          0.40260          0.16288          0.55432          0.04025          0.36232          0.33756          0.66775          0.35661    
                       21          0.77698          0.35065          0.18561          0.60754          0.15480          0.31884          0.47716          0.82085          0.65087    
                       22          0.73381          0.45455          0.06439          0.81375          0.00000          0.38768          0.50000          0.70358          0.57107    
                       23          0.71223          0.39610          0.06439          0.83370          0.00000          0.60870          0.43909          0.68730          0.72319    
                       24          0.86691          0.26623          0.10606          0.75831          0.05263          0.51087          0.51777          0.80130          0.71820    
                       25          0.78417          0.38961          0.14773          0.74723          0.08359          0.70290          0.55838          0.87622          0.74065    
                       26          0.80935          0.35065          0.01515          0.80266          0.00000          0.47464          0.39594          0.71336          0.67581    
                       27          0.74460          0.34416          0.12500          0.62749          0.00000          0.33333          0.41117          0.70358          0.49377    
                       28          0.78777          0.51299          0.02273          0.76718          0.00310          0.26087          0.32995          0.59609          0.44140    
                       29          0.73741          0.31818          0.04545          0.53659          0.08050          0.18841          0.54822          0.78827          0.45885    
                       30          0.73741          0.24675          0.15530          0.42350          0.39319          0.07609          0.49746          0.67427          0.52369    
                       31          0.85252          0.38961          0.05682          0.10643          0.58204          0.03261          0.08376          0.45603          0.64589    
                       32          0.76978          0.31169          0.10985          0.66297          0.54489          0.19565          0.41117          0.57980          0.67830    
                       33          0.66547          0.33766          0.06439          0.10865          0.52012          0.02536          0.03046          0.49186          0.62344    
                       34          0.80576          0.23377          0.06439          0.05765          0.61300          0.06522          0.08376          0.56026          0.80299    
                       35          0.83094          0.39610          0.16667          0.44568          0.49536          0.39493          0.63198          0.88925          0.72569    
                       36          0.81295          0.33117          0.16288          0.51441          0.67492          0.56884          0.62437          0.74919          0.75062    
                       37          0.66187          0.34416          0.38258          0.56763          0.68111          0.73551          0.92132          0.81107          0.39152    
                       38          0.72302          0.33766          0.29924          0.72062          0.61300          0.95290          0.84010          0.77524          0.80050    
                       39          0.69424          0.16234          0.17045          0.84479          0.23839          0.87681          0.76142          0.74593          0.63342    
                       40          0.75899          0.04545          0.33333          0.79823          0.05263          0.84420          0.60914          0.85668          0.76309    
                       41          0.86691          0.34416          0.21212          0.92239          0.37771          0.72101          0.66244          0.75244          0.55362    
                       42          0.57554          0.13636          0.22348          0.93348          0.11146          0.77536          0.77411          0.82736          0.31421    
                       43          0.70504          0.05195          0.19318          0.90909          0.03406          0.69565          0.48731          0.65798          0.86284    
                       44          0.74460          0.27922          0.16288          0.73836          0.26006          0.68478          0.60660          0.81107          0.80798    
                       45          0.69424          0.27273          0.35227          0.59645          0.09907          0.32971          0.70558          0.79805          0.82045    
                       46          0.82374          0.37662          0.24621          0.54102          0.08050          0.54710          0.72589          0.84365          0.59352    
                       47          0.74820          0.58442          0.36742          0.16851          0.61920          0.09783          0.44924          0.61889          0.16958    
                       48          0.57914          0.50649          0.46970          0.13747          0.73375          0.51449          0.71574          0.54072          0.66334    
                       49          0.68345          0.27273          0.76515          0.09091          0.79257          0.55435          0.40609          0.82410          0.53117    
                       50          0.78417          0.54545          0.87879          0.34590          0.78947          0.66667          0.49492          0.87622          0.40150    
                       51          0.64388          0.44805          0.82576          0.38359          0.79257          0.71739          0.45178          0.90554          0.55112    
                       52          0.62590          0.70779          0.89394          0.28381          0.73065          0.76449          0.47208          0.85993          0.31920    
                       53          0.70144          0.74026          0.82576          0.27051          0.66563          0.82609          0.43147          0.74919          0.04988    
                       54          0.79137          0.68182          0.53030          0.27051          0.69040          0.89130          0.71320          0.85993          0.13466    
                       55          0.61511          0.54545          0.65530          0.18847          0.69350          0.73913          0.72843          0.82085          0.11721    
                       56          0.55036          0.65584          0.85985          0.03991          0.65635          0.63406          0.56599          0.71336          0.16958    
                       57          0.39209          0.64935          0.90152          0.49667          0.70898          0.80072          0.54315          0.83062          0.21197    
                       58          0.42086          0.64935          0.87879          0.32816          0.69350          0.91304          0.64467          0.79153          0.17706    
                       59          0.45683          0.57143          0.83712          0.14634          0.63158          0.75725          0.57360          0.73290          0.30673    
                       60          0.61871          0.53896          0.88636          0.15965          0.55108          0.63406          0.47716          0.89577          0.36160    
                       61          0.46043          0.69481          0.90530          0.07317          0.46130          0.61594          0.65482          0.86319          0.29426    
                       62          0.50000          0.68182          0.96212          0.24390          0.80805          0.70290          0.54061          0.86971          0.24938    
                       63          0.50360          0.51948          0.92803          0.31929          0.76780          0.69928          0.57360          0.82085          0.10224    
                       64          0.55036          0.68831          0.85985          0.47450          0.75542          0.79710          0.70051          0.87296          0.28429    
                       65          0.37410          0.61039          0.84091          0.26608          0.52322          0.69565          0.62690          0.74919          0.04239    
                       66          0.29856          0.61688          0.79545          0.08647          0.47059          0.65580          0.57360          0.80782          0.17456    
                       67          0.42806          0.72727          0.62879          0.31486          0.46440          0.75725          0.73858          0.79805          0.05736    
                       68          0.42086          0.70130          0.84470          0.26386          0.61610          0.79348          0.77919          0.74919          0.05736    
                       69          0.52518          0.62987          0.59091          0.31929          0.70588          0.74638          0.72589          0.65147          0.14214    
                       70          0.43885          0.75325          0.82576          0.30377          0.57895          0.75000          0.60914          0.78176          0.16958    
                       71          0.51799          0.70779          0.82197          0.13969          0.41176          0.61957          0.66751          0.72964          0.12219    
                       72          0.61871          0.81169          0.93561          0.43902          0.89164          0.81522          0.58376          0.68730          0.15960    
                       73          0.39209          0.57143          0.81061          0.48559          0.63777          0.90580          0.60152          0.80130          0.15212    
                       74          0.60432          0.59091          0.82197          0.82040          0.68111          0.92029          0.56853          0.74593          0.21945    
                       75          0.44245          0.72727          0.87879          0.72727          0.60062          0.82246          0.57360          0.87622          0.28678    
                       76          0.43165          0.77922          0.78788          0.55211          0.66563          0.67391          0.64467          0.74267          0.28678    
                       77          0.51439          0.77273          0.78409          0.60976          0.48607          0.72826          0.65482          0.86319          0.25436    
                       78          0.35971          0.11688          0.76894          0.68071          0.67492          0.73188          0.54822          0.80456          0.22693    
                       79          0.24101          0.47403          0.74621          0.76718          0.33127          0.63043          0.49746          0.77850          0.29676    
                       80          0.32374          0.49351          0.65909          0.65410          0.16718          0.40580          0.39594          0.86645          0.42145    
                       81          0.11511          0.58442          0.66288          0.72727          0.35604          0.69928          0.65228          0.75896          0.27182    
                       82          0.17986          0.63636          0.69318          0.49224          0.55728          0.76449          0.62437          0.83062          0.70574    
                       83          0.18345          0.55195          0.71212          0.67406          0.82043          0.54710          0.75381          0.82085          0.47880    
                       84          0.22662          0.64935          0.65909          0.43459          0.51703          0.64855          0.70558          0.83388          0.60599    
                       85          0.14388          0.48701          0.76515          0.53215          0.52322          0.78623          0.54569          0.81107          0.30175    
                       86          0.37770          0.24026          0.60606          0.61863          0.49226          0.61594          0.60406          0.81107          0.76559    
                       87          0.19424          0.45455          0.63258          0.84922          0.17957          0.65217          0.78426          0.70033          0.55362    
                       88          0.15468          0.24675          0.70076          0.74058          0.39938          0.59783          0.73350          0.84039          0.54613    
                       89          0.15827          0.62338          0.31818          0.47228          0.34675          0.50725          0.80203          0.78502          0.51870    
                       90          0.13669          0.25974          0.45833          0.53659          0.44582          0.45652          0.83756          0.71010          0.23691    
                       91          0.07554          0.57792          0.46591          0.43681          0.19505          0.31884          0.87817          0.64169          0.43890    
                       92          0.20144          0.32468          0.51894          0.33703          0.67183          0.11957          0.70051          0.50489          0.67830    
                       93          0.21223          0.27922          0.56439          0.24169          0.59133          0.10870          0.68020          0.41694          0.45137    
                       94          0.27338          0.26623          0.34091          0.27938          0.63467          0.06159          0.66497          0.53746          0.40648    
                       95          0.37770          0.40909          0.32955          0.39024          0.67802          0.06522          0.34518          0.41042          0.32170    
                       96          0.39209          0.42208          0.00000          0.41685          0.00310          0.13768          0.00000          0.03257          0.39900    
                       97          0.28417          0.32468          0.26515          0.50776          0.50464          0.21377          0.00000          0.02606          0.34414    
                       98          0.33453          0.36364          0.37121          0.44789          0.71517          0.20290          0.00254          0.03583          0.51372    
                       99          0.29137          0.48701          0.34091          0.49224          0.76161          0.21739          0.38579          0.00977          0.36409    
                      100          0.28417          0.46104          0.56439          0.24612          0.84211          0.11594          0.45431          0.11726          0.37905    
