1    H    2.1492   [-0.3528,4.1617] 3.1305 201/201
1    H    2.1492   [-0.3528,4.1617] 3.1305 201/201
2    M    6.0470   [1.8355,6.3457] 4.1032 201/201
3    E    -0.3100  [-1.5782,0.0383] 1.7836 201/201
4    T    -0.5569  [-1.5782,-0.3528] 1.4411 201/201
5    F    -0.0227  [-1.5782,0.5125] 2.1775 201/201
6    A    -0.5098  [-1.5782,0.0383] 1.5060 201/201
7    F    -0.0227  [-1.5782,0.5125] 2.1775 201/201
8    Q    -0.3866  [-1.5782,0.0383] 1.6744 201/201
9    A    -0.5098  [-1.5782,0.0383] 1.5060 201/201
10   E    -0.3100  [-1.5782,0.0383] 1.7836 201/201
11   I    -0.5218  [-1.5782,0.0383] 1.4911 201/201
12   A    1.4987   [-0.6764,2.8021] 2.5758 201/201
13   Q    -0.3866  [-1.5782,0.0383] 1.6744 201/201
14   L    -0.0558  [-1.5782,0.5125] 2.1337 201/201
15   M    -0.4752  [-1.5782,0.0383] 1.5513 201/201
16   S    -0.6106  [-1.5782,-0.3528] 1.3686 201/201
17   L    -0.0558  [-1.5782,0.5125] 2.1337 201/201
18   I    1.4829   [-0.6764,2.8021] 2.5658 201/201
19   I    -0.5218  [-1.5782,0.0383] 1.4911 201/201
20   N    -0.5291  [-1.5782,0.0383] 1.4784 201/201
21   T    -0.5569  [-1.5782,-0.3528] 1.4411 201/201
22   F    -0.0227  [-1.5782,0.5125] 2.1775 201/201
23   Y    0.0145   [-1.5782,0.5125] 2.2281 201/201
24   S    -0.6106  [-1.5782,-0.3528] 1.3686 201/201
25   N    -0.5291  [-1.5782,0.0383] 1.4784 201/201
26   K    -0.2767  [-1.5782,0.0383] 1.8290 201/201
27   E    -0.3100  [-1.5782,0.0383] 1.7836 201/201
28   I    1.4557   [-0.6764,2.8021] 2.5421 201/201
29   F    -0.0227  [-1.5782,0.5125] 2.1775 201/201
30   L    -0.0558  [-1.5782,0.5125] 2.1337 201/201
31   R    -0.3723  [-1.5782,0.0383] 1.6954 201/201
32   E    -0.3100  [-1.5782,0.0383] 1.7836 201/201
33   L    -0.0558  [-1.5782,0.5125] 2.1337 201/201
34   I    -0.5218  [-1.5782,0.0383] 1.4911 201/201
35   S    -0.6106  [-1.5782,-0.3528] 1.3686 201/201
36   N    -0.5291  [-1.5782,0.0383] 1.4784 201/201
37   S    -0.6106  [-1.5782,-0.3528] 1.3686 201/201
38   S    -0.6106  [-1.5782,-0.3528] 1.3686 201/201
39   D    -0.3836  [-1.5782,0.0383] 1.6810 201/201
40   A    -0.5098  [-1.5782,0.0383] 1.5060 201/201
41   L    -0.0558  [-1.5782,0.5125] 2.1337 201/201
42   D    -0.3836  [-1.5782,0.0383] 1.6810 201/201
43   K    -0.2767  [-1.5782,0.0383] 1.8290 201/201
44   I    -0.5218  [-1.5782,0.0383] 1.4911 201/201
45   R    1.9184   [-0.6764,2.8021] 2.9374 201/201
46   Y    0.0145   [-1.5782,0.5125] 2.2281 201/201
47   E    -0.3100  [-1.5782,0.0383] 1.7836 201/201
48   S    -0.6106  [-1.5782,-0.3528] 1.3686 201/201
49   L    -0.0558  [-1.5782,0.5125] 2.1337 201/201
50   T    -0.5569  [-1.5782,-0.3528] 1.4411 201/201
51   D    -0.3836  [-1.5782,0.0383] 1.6810 201/201
52   P    -0.1219  [-1.5782,0.5125] 2.0414 201/201
53   S    -0.6106  [-1.5782,-0.3528] 1.3686 201/201
54   K    -0.2767  [-1.5782,0.0383] 1.8290 201/201
55   L    -0.0558  [-1.5782,0.5125] 2.1337 201/201
56   D    -0.3836  [-1.5782,0.0383] 1.6810 201/201
57   S    -0.6106  [-1.5782,-0.3528] 1.3686 201/201
58   G    -0.0352  [-1.5782,0.5125] 2.1605 201/201
59   K    -0.2767  [-1.5782,0.0383] 1.8290 201/201
60   E    4.5726   [1.0975,6.3457] 3.9587 201/201
61   L    -0.0558  [-1.5782,0.5125] 2.1337 201/201
62   H    2.1054   [-0.3528,2.8021] 3.0625 201/201
63   I    -0.5218  [-1.5782,0.0383] 1.4911 201/201
64   N    -0.5291  [-1.5782,0.0383] 1.4784 201/201
65   L    -0.0558  [-1.5782,0.5125] 2.1337 201/201
66   I    1.4709   [-0.6764,2.8021] 2.5556 201/201
67   P    -0.1219  [-1.5782,0.5125] 2.0414 201/201
68   N    1.5035   [-0.6764,2.8021] 2.5761 201/201
69   K    -0.2767  [-1.5782,0.0383] 1.8290 201/201
70   Q    1.8227   [-0.6764,2.8021] 2.8536 201/201
71   D    -0.3836  [-1.5782,0.0383] 1.6810 201/201
72   R    -0.3363  [-1.5782,0.0383] 1.7454 200/201
73   T    -0.5569  [-1.5782,-0.3528] 1.4411 201/201
74   L    -0.0558  [-1.5782,0.5125] 2.1337 201/201
75   T    -0.5569  [-1.5782,-0.3528] 1.4411 201/201
76   I    -0.5218  [-1.5782,0.0383] 1.4911 201/201
77   V    -0.5038  [-1.5782,0.0383] 1.5161 201/201
78   D    -0.3836  [-1.5782,0.0383] 1.6810 201/201
79   T    -0.5569  [-1.5782,-0.3528] 1.4411 201/201
80   G    -0.0352  [-1.5782,0.5125] 2.1605 201/201
81   I    -0.5218  [-1.5782,0.0383] 1.4911 201/201
82   G    -0.0352  [-1.5782,0.5125] 2.1605 201/201
83   M    -0.4752  [-1.5782,0.0383] 1.5513 201/201
84   T    -0.5569  [-1.5782,-0.3528] 1.4411 201/201
85   K    -0.2767  [-1.5782,0.0383] 1.8290 201/201
86   A    -0.5098  [-1.5782,0.0383] 1.5060 201/201
87   D    -0.3836  [-1.5782,0.0383] 1.6810 201/201
88   L    -0.0558  [-1.5782,0.5125] 2.1337 201/201
89   I    1.4667   [-0.6764,2.8021] 2.5506 201/201
90   N    -0.5291  [-1.5782,0.0383] 1.4784 201/201
91   N    -0.5291  [-1.5782,0.0383] 1.4784 201/201
92   L    -0.0558  [-1.5782,0.5125] 2.1337 201/201
93   G    -0.0352  [-1.5782,0.5125] 2.1605 201/201
94   T    -0.5569  [-1.5782,-0.3528] 1.4411 201/201
95   I    -0.5218  [-1.5782,0.0383] 1.4911 201/201
96   A    1.4961   [-0.6764,2.8021] 2.5738 201/201
97   K    -0.2767  [-1.5782,0.0383] 1.8290 201/201
98   S    -0.6106  [-1.5782,-0.3528] 1.3686 201/201
99   G    -0.0352  [-1.5782,0.5125] 2.1605 201/201
100  T    -0.5569  [-1.5782,-0.3528] 1.4411 201/201
101  K    -0.2767  [-1.5782,0.0383] 1.8290 201/201
102  A    1.4960   [-0.6764,2.8021] 2.5734 201/201
103  F    -0.0227  [-1.5782,0.5125] 2.1775 201/201
104  M    -0.4752  [-1.5782,0.0383] 1.5513 201/201
105  E    -0.3100  [-1.5782,0.0383] 1.7836 201/201
106  A    -0.5098  [-1.5782,0.0383] 1.5060 201/201
107  L    -0.0558  [-1.5782,0.5125] 2.1337 201/201
108  Q    -0.3866  [-1.5782,0.0383] 1.6744 201/201
109  A    -0.5098  [-1.5782,0.0383] 1.5060 201/201
110  G    -0.0352  [-1.5782,0.5125] 2.1605 201/201
111  A    -0.5098  [-1.5782,0.0383] 1.5060 201/201
112  D    -0.3836  [-1.5782,0.0383] 1.6810 201/201
113  I    -0.5218  [-1.5782,0.0383] 1.4911 201/201
114  S    -0.6106  [-1.5782,-0.3528] 1.3686 201/201
115  M    -0.4752  [-1.5782,0.0383] 1.5513 201/201
116  I    -0.5218  [-1.5782,0.0383] 1.4911 201/201
117  G    -0.0352  [-1.5782,0.5125] 2.1605 201/201
118  Q    -0.3866  [-1.5782,0.0383] 1.6744 201/201
119  F    -0.0227  [-1.5782,0.5125] 2.1775 201/201
120  G    -0.0352  [-1.5782,0.5125] 2.1605 201/201
121  V    -0.5038  [-1.5782,0.0383] 1.5161 201/201
122  G    -0.0352  [-1.5782,0.5125] 2.1605 201/201
123  F    -0.0227  [-1.5782,0.5125] 2.1775 201/201
124  Y    0.0145   [-1.5782,0.5125] 2.2281 201/201
125  S    -0.6106  [-1.5782,-0.3528] 1.3686 201/201
126  A    -0.5098  [-1.5782,0.0383] 1.5060 201/201
127  Y    3.0271   [0.0383,4.1617] 3.7634 201/201
128  L    -0.0558  [-1.5782,0.5125] 2.1337 201/201
129  V    -0.5038  [-1.5782,0.0383] 1.5161 201/201
130  A    -0.5098  [-1.5782,0.0383] 1.5060 201/201
131  E    -0.3100  [-1.5782,0.0383] 1.7836 201/201
132  K    -0.2767  [-1.5782,0.0383] 1.8290 201/201
133  V    -0.5038  [-1.5782,0.0383] 1.5161 201/201
134  T    1.3716   [-0.6764,2.8021] 2.4623 201/201
135  V    -0.5038  [-1.5782,0.0383] 1.5161 201/201
136  I    -0.5218  [-1.5782,0.0383] 1.4911 201/201
137  T    -0.5569  [-1.5782,-0.3528] 1.4411 201/201
138  K    -0.2767  [-1.5782,0.0383] 1.8290 201/201
139  H    -0.4470  [-1.5782,0.0383] 1.5902 201/201
140  N    -0.5291  [-1.5782,0.0383] 1.4784 201/201
141  D    -0.3836  [-1.5782,0.0383] 1.6810 201/201
142  D    -0.3836  [-1.5782,0.0383] 1.6810 201/201
143  E    -0.3100  [-1.5782,0.0383] 1.7836 201/201
144  Q    -0.3866  [-1.5782,0.0383] 1.6744 201/201
145  Y    0.0145   [-1.5782,0.5125] 2.2281 201/201
146  A    -0.5098  [-1.5782,0.0383] 1.5060 201/201
147  W    0.4621   [-1.4797,1.0975] 2.8006 201/201
148  E    -0.3100  [-1.5782,0.0383] 1.7836 201/201
149  S    -0.6106  [-1.5782,-0.3528] 1.3686 201/201
150  S    -0.6106  [-1.5782,-0.3528] 1.3686 201/201
151  A    -0.5098  [-1.5782,0.0383] 1.5060 201/201
152  G    -0.0352  [-1.5782,0.5125] 2.1605 201/201
153  G    -0.0352  [-1.5782,0.5125] 2.1605 201/201
154  S    -0.6106  [-1.5782,-0.3528] 1.3686 201/201
155  F    -0.0227  [-1.5782,0.5125] 2.1775 201/201
156  T    -0.5569  [-1.5782,-0.3528] 1.4411 201/201
157  V    -0.5038  [-1.5782,0.0383] 1.5161 201/201
158  R    -0.3723  [-1.5782,0.0383] 1.6954 201/201
159  T    1.7981   [-0.6764,2.8021] 2.8204 201/201
160  D    -0.3836  [-1.5782,0.0383] 1.6810 201/201
161  T    3.4728   [0.5125,4.1617] 3.3552 201/201
162  G    -0.0352  [-1.5782,0.5125] 2.1605 201/201
163  E    -0.3100  [-1.5782,0.0383] 1.7836 201/201
164  P    -0.1219  [-1.5782,0.5125] 2.0414 201/201
165  M    1.7541   [-0.6764,2.8021] 2.7940 201/201
166  G    -0.0352  [-1.5782,0.5125] 2.1605 201/201
167  R    -0.3723  [-1.5782,0.0383] 1.6954 201/201
168  G    -0.0352  [-1.5782,0.5125] 2.1605 201/201
169  T    -0.5569  [-1.5782,-0.3528] 1.4411 201/201
170  K    -0.2767  [-1.5782,0.0383] 1.8290 201/201
171  V    -0.5038  [-1.5782,0.0383] 1.5161 201/201
172  I    3.7796   [0.5125,6.3457] 3.5458 201/201
173  L    -0.0558  [-1.5782,0.5125] 2.1337 201/201
174  H    -0.4470  [-1.5782,0.0383] 1.5902 201/201
175  L    -0.0558  [-1.5782,0.5125] 2.1337 201/201
176  K    -0.2767  [-1.5782,0.0383] 1.8290 201/201
177  E    -0.3100  [-1.5782,0.0383] 1.7836 201/201
178  D    -0.3836  [-1.5782,0.0383] 1.6810 201/201
179  Q    -0.3866  [-1.5782,0.0383] 1.6744 201/201
180  T    -0.5569  [-1.5782,-0.3528] 1.4411 201/201
181  E    -0.3100  [-1.5782,0.0383] 1.7836 201/201
182  Y    0.0145   [-1.5782,0.5125] 2.2281 201/201
183  L    -0.0558  [-1.5782,0.5125] 2.1337 201/201
184  E    -0.3100  [-1.5782,0.0383] 1.7836 201/201
185  E    -0.3100  [-1.5782,0.0383] 1.7836 201/201
186  R    1.9276   [-0.6764,2.8021] 2.9454 201/201
187  R    -0.3723  [-1.5782,0.0383] 1.6954 201/201
188  I    1.5080   [-0.6764,2.8021] 2.5871 201/201
189  K    -0.2767  [-1.5782,0.0383] 1.8290 201/201
190  E    -0.3100  [-1.5782,0.0383] 1.7836 201/201
191  I    -0.5218  [-1.5782,0.0383] 1.4911 201/201
192  V    -0.5038  [-1.5782,0.0383] 1.5161 201/201
193  K    2.1713   [-0.3528,4.1617] 3.1467 201/201
194  K    -0.2767  [-1.5782,0.0383] 1.8290 201/201
195  H    -0.4470  [-1.5782,0.0383] 1.5902 201/201
196  S    -0.6106  [-1.5782,-0.3528] 1.3686 201/201
197  Q    -0.3866  [-1.5782,0.0383] 1.6744 201/201
198  F    -0.0227  [-1.5782,0.5125] 2.1775 201/201
199  I    -0.5218  [-1.5782,0.0383] 1.4911 201/201
200  G    -0.0352  [-1.5782,0.5125] 2.1605 201/201
201  Y    0.0145   [-1.5782,0.5125] 2.2281 201/201
202  P    -0.1219  [-1.5782,0.5125] 2.0414 201/201
203  I    -0.5218  [-1.5782,0.0383] 1.4911 201/201
204  T    1.4035   [-0.6764,2.8021] 2.4904 201/201
205  L    -0.0558  [-1.5782,0.5125] 2.1337 201/201
206  F    -0.0227  [-1.5782,0.5125] 2.1775 201/201
207  V    1.5660   [-0.6764,2.8021] 2.6399 201/201
208  E    5.3756   [1.0975,6.3457] 4.2543  42/201
