                     LEU0        0.03922          0.00000    
                        2          0.05882          0.00000    
                        3          0.05882          0.00000    
                        4          0.05882          0.00000    
                        5          0.01961          0.00000    
                        6          0.45098          0.18824    
                        7          0.50980          0.22353    
                        8          0.50980          0.28235    
                        9          0.25490          0.47059    
                       10          0.17647          0.42353    
                       11          0.01961          0.40000    
                       12          0.03922          0.43529    
                       13          0.05882          0.28235    
                       14          0.03922          0.18824    
                       15          0.01961          0.16471    
                       16          0.01961          0.03529    
                       17          0.03922          0.00000    
                       18          0.05882          0.00000    
                       19          0.09804          0.00000    
                       20          0.05882          0.01176    
                       21          0.01961          0.05882    
                       22          0.01961          0.09412    
                       23          0.00000          0.09412    
                       24          0.01961          0.00000    
                       25          0.00000          0.00000    
                       26          0.01961          0.07059    
                       27          0.00000          0.00000    
                       28          0.00000          0.00000    
                       29          0.00000          0.00000    
                       30          0.00000          0.00000    
                       31          0.00000          0.12941    
                       32          0.00000          0.17647    
                       33          0.00000          0.12941    
                       34          0.00000          0.00000    
                       35          0.00000          0.00000    
                       36          0.01961          0.00000    
                       37          0.00000          0.00000    
                       38          0.01961          0.00000    
                       39          0.00000          0.00000    
                       40          0.05882          0.00000    
                       41          0.21569          0.00000    
                       42          0.25490          0.16471    
                       43          0.31373          0.30588    
                       44          0.45098          0.40000    
                       45          0.50980          0.44706    
                       46          0.54902          0.63529    
                       47          0.31373          0.64706    
                       48          0.43137          0.56471    
                       49          0.00000          0.41176    
                       50          0.07843          0.38824    
                       51          0.27451          0.21176    
                       52          0.23529          0.27059    
                       53          0.43137          0.43529    
                       54          0.31373          0.49412    
                       55          0.31373          0.45882    
                       56          0.29412          0.34118    
                       57          0.43137          0.37647    
                       58          0.39216          0.38824    
                       59          0.29412          0.44706    
                       60          0.07843          0.47059    
                       61          0.03922          0.38824    
                       62          0.03922          0.32941    
                       63          0.01961          0.15294    
                       64          0.01961          0.17647    
                       65          0.05882          0.24706    
                       66          0.03922          0.27059    
                       67          0.00000          0.15294    
                       68          0.00000          0.05882    
                       69          0.03922          0.04706    
                       70          0.03922          0.02353    
                       71          0.03922          0.00000    
                       72          0.03922          0.08235    
                       73          0.05882          0.27059    
                       74          0.19608          0.43529    
                       75          0.05882          0.51765    
                       76          0.41176          0.42353    
                       77          0.00000          0.42353    
                       78          0.05882          0.44706    
                       79          0.01961          0.50588    
                       80          0.01961          0.54118    
                       81          0.17647          0.65882    
                       82          0.03922          0.82353    
                       83          0.07843          0.70588    
                       84          0.01961          0.15294    
                       85          0.01961          0.07059    
                       86          0.00000          0.07059    
                       87          0.00000          0.04706    
                       88          0.00000          0.04706    
                       89          0.00000          0.28235    
                       90          0.00000          0.18824    
                       91          0.00000          0.20000    
                       92          0.00000          0.40000    
                       93          0.00000          0.60000    
                       94          0.00000          0.77647    
                       95          0.00000          0.80000    
                       96          0.00000          0.65882    
                       97          0.01961          0.50588    
                       98          0.01961          0.34118    
                       99          0.01961          0.38824    
                      100          0.01961          0.41176    
                     LEU1        0.33333          0.10588    
                        2          0.27451          0.03529    
                        3          0.00000          0.00000    
                        4          0.23529          0.00000    
                        5          0.01961          0.00000    
                        6          0.01961          0.17647    
                        7          0.01961          0.00000    
                        8          0.00000          0.00000    
                        9          0.01961          0.08235    
                       10          0.01961          0.00000    
                       11          0.01961          0.00000    
                       12          0.00000          0.01176    
                       13          0.43137          0.22353    
                       14          0.31373          0.14118    
                       15          0.21569          0.09412    
                       16          0.29412          0.00000    
                       17          0.23529          0.00000    
                       18          0.05882          0.00000    
                       19          0.01961          0.00000    
                       20          0.21569          0.00000    
                       21          0.03922          0.00000    
                       22          0.43137          0.00000    
                       23          0.31373          0.00000    
                       24          0.37255          0.00000    
                       25          0.49020          0.01176    
                       26          0.45098          0.00000    
                       27          0.31373          0.00000    
                       28          0.31373          0.00000    
                       29          0.49020          0.00000    
                       30          0.31373          0.08235    
                       31          0.01961          0.08235    
                       32          0.00000          0.22353    
                       33          0.01961          0.30588    
                       34          0.39216          0.30588    
                       35          0.52941          0.34118    
                       36          0.52941          0.41176    
                       37          0.37255          0.32941    
                       38          0.19608          0.30588    
                       39          0.00000          0.25882    
                       40          0.15686          0.29412    
                       41          0.19608          0.23529    
                       42          0.00000          0.12941    
                       43          0.19608          0.12941    
                       44          0.21569          0.05882    
                       45          0.13725          0.01176    
                       46          0.25490          0.05882    
                       47          0.33333          0.11765    
                       48          0.35294          0.11765    
                       49          0.21569          0.15294    
                       50          0.13725          0.15294    
                       51          0.21569          0.00000    
                       52          0.25490          0.01176    
                       53          0.27451          0.00000    
                       54          0.25490          0.03529    
                       55          0.25490          0.03529    
                       56          0.35294          0.04706    
                       57          0.33333          0.00000    
                       58          0.39216          0.00000    
                       59          0.37255          0.00000    
                       60          0.33333          0.02353    
                       61          0.41176          0.03529    
                       62          0.07843          0.03529    
                       63          0.00000          0.03529    
                       64          0.03922          0.07059    
                       65          0.00000          0.02353    
                       66          0.00000          0.01176    
                       67          0.00000          0.09412    
                       68          0.01961          0.14118    
                       69          0.01961          0.21176    
                       70          0.60784          0.20000    
                       71          0.43137          0.12941    
                       72          0.39216          0.09412    
                       73          0.45098          0.10588    
                       74          0.01961          0.09412    
                       75          0.05882          0.15294    
                       76          0.07843          0.00000    
                       77          0.07843          0.00000    
                       78          0.01961          0.00000    
                       79          0.01961          0.00000    
                       80          0.01961          0.00000    
                       81          0.01961          0.00000    
                       82          0.01961          0.02353    
                       83          0.01961          0.02353    
                       84          0.03922          0.03529    
                       85          0.13725          0.07059    
                       86          0.07843          0.08235    
                       87          0.07843          0.27059    
                       88          0.11765          0.24706    
                       89          0.13725          0.16471    
                       90          0.07843          0.29412    
                       91          0.07843          0.29412    
                       92          0.03922          0.34118    
                       93          0.01961          0.42353    
                       94          0.01961          0.35294    
                       95          0.01961          0.44706    
                       96          0.01961          0.47059    
                       97          0.00000          0.43529    
                       98          0.01961          0.41176    
                       99          0.00000          0.36471    
                      100          0.00000          0.40000    
                     LEU2        0.41176          0.00000    
                        2          0.35294          0.09412    
                        3          0.03922          0.05882    
                        4          0.01961          0.10588    
                        5          0.01961          0.16471    
                        6          0.21569          0.08235    
                        7          0.21569          0.00000    
                        8          0.15686          0.00000    
                        9          0.15686          0.00000    
                       10          0.19608          0.00000    
                       11          0.17647          0.21176    
                       12          0.17647          0.45882    
                       13          0.01961          0.57647    
                       14          0.01961          0.61176    
                       15          0.19608          0.28235    
                       16          0.01961          0.17647    
                       17          0.00000          0.09412    
                       18          0.00000          0.09412    
                       19          0.00000          0.00000    
                       20          0.05882          0.01176    
                       21          0.00000          0.09412    
                       22          0.11765          0.17647    
                       23          0.03922          0.27059    
                       24          0.01961          0.12941    
                       25          0.29412          0.22353    
                       26          0.25490          0.35294    
                       27          0.31373          0.28235    
                       28          0.23529          0.16471    
                       29          0.19608          0.08235    
                       30          0.07843          0.09412    
                       31          0.07843          0.20000    
                       32          0.03922          0.31765    
                       33          0.03922          0.27059    
                       34          0.15686          0.16471    
                       35          0.09804          0.05882    
                       36          0.03922          0.28235    
                       37          0.11765          0.24706    
                       38          0.09804          0.25882    
                       39          0.07843          0.32941    
                       40          0.01961          0.20000    
                       41          0.01961          0.15294    
                       42          0.21569          0.08235    
                       43          0.23529          0.00000    
                       44          0.27451          0.00000    
                       45          0.00000          0.00000    
                       46          0.00000          0.00000    
                       47          0.00000          0.00000    
                       48          0.11765          0.00000    
                       49          0.01961          0.07059    
                       50          0.00000          0.00000    
                       51          0.01961          0.00000    
                       52          0.03922          0.00000    
                       53          0.00000          0.14118    
                       54          0.00000          0.31765    
                       55          0.00000          0.41176    
                       56          0.03922          0.50588    
                       57          0.37255          0.60000    
                       58          0.15686          0.71765    
                       59          0.33333          0.89412    
                       60          0.39216          0.76471    
                       61          0.45098          0.50588    
                       62          0.45098          0.51765    
                       63          0.21569          0.25882    
                       64          0.17647          0.02353    
                       65          0.21569          0.14118    
                       66          0.13725          0.17647    
                       67          0.00000          0.29412    
                       68          0.00000          0.24706    
                       69          0.01961          0.38824    
                       70          0.00000          0.47059    
                       71          0.00000          0.64706    
                       72          0.13725          0.71765    
                       73          0.07843          0.74118    
                       74          0.05882          0.80000    
                       75          0.15686          0.68235    
                       76          0.05882          0.55294    
                       77          0.01961          0.36471    
                       78          0.05882          0.29412    
                       79          0.00000          0.17647    
                       80          0.00000          0.04706    
                       81          0.00000          0.03529    
                       82          0.00000          0.05882    
                       83          0.00000          0.02353    
                       84          0.00000          0.02353    
                       85          0.15686          0.03529    
                       86          0.19608          0.00000    
                       87          0.15686          0.00000    
                       88          0.00000          0.04706    
                       89          0.33333          0.08235    
                       90          0.27451          0.10588    
                       91          0.23529          0.09412    
                       92          0.25490          0.08235    
                       93          0.29412          0.08235    
                       94          0.00000          0.17647    
                       95          0.00000          0.16471    
                       96          0.00000          0.09412    
                       97          0.15686          0.00000    
                       98          0.01961          0.02353    
                       99          0.00000          0.00000    
                      100          0.00000          0.03529    
                     LEU3        0.13725          0.14118    
                        2          0.17647          0.07059    
                        3          0.31373          0.00000    
                        4          0.33333          0.00000    
                        5          0.33333          0.00000    
                        6          0.31373          0.00000    
                        7          0.29412          0.00000    
                        8          0.35294          0.00000    
                        9          0.33333          0.00000    
                       10          0.07843          0.05882    
                       11          0.52941          0.27059    
                       12          0.31373          0.23529    
                       13          0.27451          0.01176    
                       14          0.13725          0.14118    
                       15          0.09804          0.02353    
                       16          0.15686          0.05882    
                       17          0.09804          0.03529    
                       18          0.11765          0.03529    
                       19          0.13725          0.16471    
                       20          0.21569          0.10588    
                       21          0.23529          0.00000    
                       22          0.11765          0.15294    
                       23          0.07843          0.21176    
                       24          0.03922          0.00000    
                       25          0.11765          0.00000    
                       26          0.03922          0.00000    
                       27          0.11765          0.00000    
                       28          0.07843          0.00000    
                       29          0.05882          0.16471    
                       30          0.03922          0.02353    
                       31          0.03922          0.05882    
                       32          0.13725          0.05882    
                       33          0.00000          0.02353    
                       34          0.00000          0.03529    
                       35          0.00000          0.04706    
                       36          0.17647          0.25882    
                       37          0.19608          0.29412    
                       38          0.07843          0.25882    
                       39          0.09804          0.08235    
                       40          0.07843          0.00000    
                       41          0.19608          0.00000    
                       42          0.23529          0.00000    
                       43          0.19608          0.01176    
                       44          0.23529          0.02353    
                       45          0.21569          0.01176    
                       46          0.13725          0.08235    
                       47          0.11765          0.12941    
                       48          0.11765          0.04706    
                       49          0.01961          0.00000    
                       50          0.01961          0.00000    
                       51          0.05882          0.00000    
                       52          0.07843          0.00000    
                       53          0.03922          0.00000    
                       54          0.11765          0.04706    
                       55          0.07843          0.08235    
                       56          0.03922          0.08235    
                       57          0.00000          0.23529    
                       58          0.00000          0.31765    
                       59          0.33333          0.27059    
                       60          0.11765          0.04706    
                       61          0.37255          0.04706    
                       62          0.35294          0.02353    
                       63          0.35294          0.01176    
                       64          0.35294          0.00000    
                       65          0.11765          0.02353    
                       66          0.11765          0.11765    
                       67          0.07843          0.07059    
                       68          0.00000          0.38824    
                       69          0.00000          0.17647    
                       70          0.00000          0.21176    
                       71          0.00000          0.03529    
                       72          0.00000          0.07059    
                       73          0.00000          0.03529    
                       74          0.00000          0.07059    
                       75          0.01961          0.36471    
                       76          0.01961          0.47059    
                       77          0.01961          0.28235    
                       78          0.03922          0.07059    
                       79          0.03922          0.07059    
                       80          0.00000          0.02353    
                       81          0.00000          0.02353    
                       82          0.00000          0.02353    
                       83          0.01961          0.00000    
                       84          0.01961          0.04706    
                       85          0.00000          0.04706    
                       86          0.00000          0.05882    
                       87          0.00000          0.07059    
                       88          0.00000          0.22353    
                       89          0.00000          0.17647    
                       90          0.00000          0.21176    
                       91          0.00000          0.14118    
                       92          0.00000          0.14118    
                       93          0.01961          0.15294    
                       94          0.07843          0.12941    
                       95          0.00000          0.17647    
                       96          0.00000          0.27059    
                       97          0.00000          0.18824    
                       98          0.00000          0.15294    
                       99          0.35294          0.17647    
                      100          0.23529          0.22353    
