# unsquashLR - drugLR - unsquashCNN - drugCNN - volume - exposure - pos-charge - neg-charge - h-donor- h-acceptor - hydrophob - aromatic - metal
0   -4.360e-01    3.927e-01    5.429e-02    3.566e-01   -4.528e-01    3.254e-02    2.740e-01    5.968e-01    1.561e-01    1.008e+00   -7.998e-01   -1.148e+00   -4.863e-01
# LEU0
1    4.532e-01    6.114e-01    1.929e+00    9.485e-01   -3.182e-01   -5.804e-01   -3.919e-02    1.399e+00    2.968e-01    6.848e-01   -4.655e-01   -7.692e-01   -4.863e-01
2    6.457e-02    5.161e-01    1.568e+00    9.154e-01   -3.915e-01   -6.545e-01    1.167e-01    1.372e+00    1.704e-01    1.095e+00   -6.194e-01   -7.608e-01   -4.863e-01
3    6.452e-02    5.161e-01    1.640e+00    9.233e-01   -1.609e-01   -3.809e-01   -8.162e-02    1.273e+00    3.765e-01    1.226e+00   -5.391e-01   -8.107e-01   -4.863e-01
4    6.722e-01    6.620e-01    1.796e+00    9.380e-01   -4.706e-01   -6.241e-01    3.302e-02    1.074e+00    5.625e-02    6.148e-01   -3.398e-01   -8.503e-01   -4.863e-01
5    2.785e-01    5.692e-01    1.277e+00    8.757e-01   -5.092e-01   -4.604e-01    1.857e-01    8.249e-01    3.316e-01    2.556e-01   -5.492e-01   -8.652e-01   -4.863e-01
6    3.978e-01    5.982e-01    1.074e+00    8.392e-01    7.958e-02   -1.924e-01    1.606e-02    4.445e-01    5.340e-01    7.097e-01   -4.512e-01   -8.153e-01   -4.863e-01
7    6.695e-01    6.614e-01    1.842e+00    9.419e-01    2.369e-01   -2.178e-01   -1.792e-01    3.663e-01    5.446e-01    7.673e-01   -4.019e-01   -7.764e-01   -4.863e-01
8    1.503e+00    8.180e-01    2.927e+00    9.877e-01    1.192e-01   -3.448e-01   -2.043e-01    4.044e-01   -1.775e-02    5.272e-01   -1.305e-01   -7.536e-01   -4.863e-01
9    8.322e-01    6.968e-01    1.872e+00    9.443e-01    7.266e-02    5.750e-02   -9.001e-02    4.999e-01    1.528e-01    4.793e-01   -4.237e-01   -8.159e-01   -4.863e-01
10    8.960e-01    7.101e-01    2.366e+00    9.723e-01   -1.480e-01   -1.925e-01   -9.625e-02    6.145e-01    7.887e-02    3.741e-01   -4.160e-01   -7.821e-01   -4.863e-01
11    1.153e+00    7.601e-01    2.721e+00    9.834e-01   -2.876e-01   -6.235e-01   -2.619e-01    8.808e-01    5.876e-02    4.935e-01   -2.770e-01   -8.244e-01   -4.863e-01
12    1.369e+00    7.972e-01    2.605e+00    9.804e-01   -2.401e-01   -3.679e-01   -3.562e-01    6.690e-01    1.957e-01    1.825e-01   -5.372e-02   -8.099e-01   -4.863e-01
13    9.626e-01    7.236e-01    2.323e+00    9.705e-01   -6.985e-02   -1.043e-01   -3.014e-01    6.633e-01    2.610e-01    5.825e-01   -1.601e-01   -8.282e-01   -4.863e-01
14    9.515e-01    7.214e-01    1.757e+00    9.346e-01   -4.412e-02   -4.588e-01   -2.093e-01    8.563e-01    5.159e-01    5.595e-01   -7.715e-02   -7.957e-01   -4.863e-01
15    1.079e+00    7.463e-01    1.962e+00    9.509e-01   -2.717e-01   -3.268e-01   -2.244e-01    6.850e-01    2.369e-01    3.650e-01   -6.267e-02   -8.326e-01   -4.863e-01
16    9.105e-01    7.131e-01    1.571e+00    9.158e-01   -3.380e-01   -5.740e-01   -1.377e-01    6.988e-01    2.947e-01    3.885e-01   -2.402e-01   -9.489e-01   -4.863e-01
17    8.633e-01    7.033e-01    1.506e+00    9.081e-01   -2.688e-01   -3.849e-01    3.408e-02    5.614e-01    1.625e-01    4.185e-01   -2.776e-01   -1.097e+00   -4.863e-01
18    4.579e-01    6.125e-01    1.315e+00    8.816e-01   -3.192e-01   -1.981e-01    3.270e-01    5.455e-01    1.605e-01    5.470e-01   -2.489e-01   -1.010e+00   -4.863e-01
19    2.184e+00    8.988e-01    2.463e+00    9.759e-01    5.286e-02   -3.159e-01    1.141e-01    8.535e-02   -1.485e-01   -1.188e-01    5.526e-01   -2.171e-01   -4.863e-01
20    6.937e-01    6.668e-01    8.801e-01    7.968e-01   -2.371e-01   -8.456e-02    1.551e-01   -3.311e-02    2.777e-01   -1.183e-02   -4.353e-01   -9.511e-01   -4.863e-01
21    1.671e+00    8.417e-01    1.869e+00    9.440e-01   -1.542e-02   -6.440e-01   -3.260e-02   -4.681e-02    3.772e-01   -3.369e-02    2.260e-01   -5.110e-01   -4.863e-01
22    2.030e+00    8.839e-01    3.125e+00    9.908e-01    1.182e-01   -2.326e-01   -4.054e-01   -8.676e-02    9.801e-02   -4.166e-03    2.040e-01   -4.992e-01   -4.863e-01
23    2.583e+00    9.298e-01    4.309e+00    9.984e-01    3.745e-01    1.791e-01   -5.560e-01   -3.731e-01   -7.632e-02   -3.672e-01    3.128e-01   -2.935e-01   -4.863e-01
24    2.891e+00    9.474e-01    4.504e+00    9.988e-01    2.904e-01   -9.000e-02   -7.971e-01   -3.375e-01   -5.264e-02   -3.151e-01    5.075e-01   -2.388e-01   -4.863e-01
25    3.035e+00    9.541e-01    4.664e+00    9.990e-01    3.349e-01   -2.141e-01   -9.855e-01   -1.891e-01   -1.775e-01   -1.991e-01    3.333e-01   -3.274e-01   -4.863e-01
26    3.497e+00    9.706e-01    5.304e+00    9.996e-01    3.329e-01   -1.081e-01   -1.123e+00   -2.951e-01   -3.532e-01   -5.569e-01    4.158e-01   -2.298e-01   -4.863e-01
27    3.289e+00    9.640e-01    4.383e+00    9.985e-01    2.488e-01   -5.061e-01   -9.793e-01   -1.645e-01   -9.091e-02   -4.056e-01    5.581e-01   -8.227e-02   -4.863e-01
28    2.869e+00    9.463e-01    4.226e+00    9.982e-01    3.141e-01    3.615e-02   -1.134e+00   -3.106e-01   -2.430e-01   -5.757e-02    2.404e-01   -2.418e-01   -4.863e-01
29    2.838e+00    9.447e-01    4.271e+00    9.983e-01    1.229e-02    6.923e-02   -1.201e+00   -2.544e-01   -5.732e-01    1.546e-01    2.396e-01   -5.746e-01   -4.863e-01
30    2.228e+00    9.028e-01    3.595e+00    9.954e-01   -2.569e-01    2.553e-01   -1.198e+00   -2.307e-01   -7.032e-01    1.989e-01   -2.866e-01   -8.726e-01   -4.863e-01
31    2.184e+00    8.988e-01    3.127e+00    9.908e-01   -1.807e-01    4.932e-01   -1.045e+00   -2.744e-01   -7.062e-01   -2.606e-01   -5.390e-01   -9.619e-01   -4.863e-01
32    2.878e+00    9.467e-01    3.709e+00    9.961e-01    3.596e-01    6.647e-03   -9.262e-01   -5.422e-01   -2.342e-01   -2.693e-01    1.608e-01   -3.326e-01   -4.863e-01
33    2.634e+00    9.330e-01    3.610e+00    9.955e-01    1.904e-01   -6.412e-02   -7.936e-01   -3.934e-01   -2.558e-01   -1.467e-01    2.133e-01   -2.208e-01   -4.863e-01
34    2.404e+00    9.172e-01    3.387e+00    9.937e-01    1.667e-01   -9.786e-02   -7.658e-01   -3.431e-01   -3.072e-02   -1.529e-01    2.055e-01   -2.058e-01   -4.863e-01
35    2.228e+00    9.027e-01    3.140e+00    9.910e-01   -5.401e-02   -4.246e-01   -7.130e-01   -2.802e-01   -2.080e-02   -1.190e-01    6.132e-02   -3.677e-01   -4.863e-01
36    2.223e+00    9.023e-01    2.979e+00    9.886e-01    1.706e-01   -2.722e-01   -6.714e-01   -2.201e-01    5.132e-02    9.067e-02    1.330e-01   -6.055e-01   -4.863e-01
37    2.564e+00    9.285e-01    3.214e+00    9.919e-01    1.855e-01   -3.315e-01   -7.292e-01   -8.661e-02    4.755e-02   -1.106e-01    3.024e-01   -6.341e-01   -4.863e-01
38    1.532e+00    8.224e-01    1.826e+00    9.405e-01    4.146e-04   -9.417e-02   -7.220e-01    6.084e-02    2.732e-01    3.077e-01   -8.705e-02   -8.366e-01   -4.863e-01
39    8.892e-01    7.087e-01    1.130e+00    8.500e-01   -2.490e-01   -8.946e-02   -6.226e-01    3.391e-01    3.173e-01    4.347e-01   -3.694e-01   -8.121e-01   -4.863e-01
40    4.163e-01    6.026e-01    8.161e-01    7.811e-01   -3.588e-01    2.896e-01   -6.390e-01    6.430e-01   -1.747e-01    6.991e-01   -1.043e+00   -1.212e+00   -4.863e-01
41    2.923e-01    5.726e-01    3.544e-01    6.437e-01   -2.717e-01    3.082e-01   -4.891e-01    5.315e-01   -1.592e-01    9.220e-01   -9.652e-01   -1.171e+00   -4.863e-01
42    2.230e+00    9.029e-01    1.687e+00    9.280e-01    1.419e-01   -3.248e-01   -5.773e-01   -6.626e-02   -3.391e-01    4.342e-01    1.522e-01   -1.421e-01   -4.863e-01
43    9.248e-01    7.160e-01    1.003e+00    8.246e-01   -1.500e-01    2.978e-01   -5.948e-01    5.470e-01   -1.831e-01    4.161e-01   -7.950e-01   -1.061e+00   -4.863e-01
44    2.169e+00    8.974e-01    2.572e+00    9.794e-01    2.765e-01   -1.812e-01   -7.969e-01    3.053e-01   -4.406e-01    8.769e-01    6.652e-02   -2.245e-01   -4.863e-01
45    1.468e+00    8.128e-01    1.940e+00    9.493e-01   -1.332e-01    4.361e-01   -9.271e-01    4.330e-01   -6.618e-01    6.084e-01   -6.865e-01   -9.988e-01   -4.863e-01
46    1.372e+00    7.977e-01    1.431e+00    8.984e-01   -2.876e-01    7.601e-01   -1.112e+00    1.927e-01   -7.821e-01    6.771e-01   -6.667e-01   -1.044e+00   -4.863e-01
47    1.342e+00    7.929e-01    1.925e+00    9.482e-01   -3.400e-01    5.672e-01   -1.125e+00    2.615e-01   -7.327e-01    7.163e-01   -6.694e-01   -9.283e-01   -4.863e-01
48    6.022e-01    6.462e-01    1.329e+00    8.837e-01   -4.459e-01    1.112e+00   -1.238e+00    4.264e-01   -4.316e-01    8.172e-01   -7.895e-01   -9.489e-01   -4.863e-01
49    1.394e+00    8.012e-01    2.425e+00    9.746e-01   -6.280e-01    8.916e-01   -1.233e+00    3.300e-01   -7.072e-01    5.712e-01   -1.763e-01   -7.691e-01   -4.863e-01
50    2.433e+00    9.193e-01    3.865e+00    9.969e-01   -2.589e-01    4.386e-01   -1.293e+00    2.398e-01   -4.593e-01    2.387e-01    5.380e-01   -1.132e-01   -4.863e-01
51    1.395e+00    8.014e-01    2.638e+00    9.813e-01   -5.201e-01    6.695e-01   -1.291e+00    6.784e-01   -4.979e-01    5.423e-01   -2.959e-01   -8.944e-01   -4.863e-01
52    1.368e+00    7.971e-01    2.237e+00    9.667e-01   -5.845e-01    7.369e-01   -1.303e+00    4.735e-01   -5.976e-01    3.175e-01   -5.422e-01   -9.656e-01   -4.863e-01
53    8.179e-01    6.938e-01    2.322e+00    9.705e-01   -5.914e-01    8.306e-01   -1.310e+00    5.553e-01   -5.865e-01    8.141e-01   -7.970e-01   -1.076e+00   -4.863e-01
54    7.495e-01    6.791e-01    2.212e+00    9.655e-01   -5.587e-01    8.142e-01   -1.226e+00    7.871e-01   -7.787e-01    1.098e+00   -8.185e-01   -9.358e-01   -4.863e-01
55    8.649e-01    7.037e-01    2.124e+00    9.609e-01   -5.409e-01    5.628e-01   -1.164e+00    8.732e-01   -5.669e-01    9.221e-01   -6.925e-01   -8.958e-01   -4.863e-01
56    1.310e+00    7.876e-01    1.746e+00    9.336e-01   -3.974e-01    4.154e-01   -1.040e+00    6.650e-01   -4.139e-01    5.207e-01   -4.252e-01   -8.469e-01   -4.863e-01
57    1.326e+00    7.902e-01    1.800e+00    9.384e-01   -3.509e-01    5.649e-01   -1.044e+00    5.113e-01   -2.973e-01    2.777e-01   -4.528e-01   -9.601e-01   -4.863e-01
58    1.585e+00    8.299e-01    1.673e+00    9.267e-01   -2.460e-01    2.641e-01   -7.873e-01    3.480e-01   -3.266e-01    3.903e-01   -1.539e-01   -8.311e-01   -4.863e-01
59    1.552e+00    8.252e-01    1.736e+00    9.327e-01   -2.203e-01    1.401e-01   -6.025e-01    3.257e-01   -3.975e-01    7.119e-01   -4.952e-04   -9.260e-01   -4.863e-01
60    1.526e+00    8.215e-01    1.784e+00    9.370e-01   -4.479e-01   -1.270e-01   -5.909e-01    1.227e-01    2.439e-02    2.346e-01    1.789e-01   -8.290e-01   -4.863e-01
61    1.185e+00    7.658e-01    1.383e+00    8.917e-01   -3.944e-01   -2.857e-01   -5.020e-01    1.589e-01    3.928e-01    3.526e-01    1.690e-01   -8.049e-01   -4.863e-01
62    1.529e+00    8.219e-01    2.126e+00    9.610e-01   -3.905e-01   -2.592e-01   -3.443e-01    3.377e-01    2.493e-01    1.505e-01    4.784e-01   -6.367e-01   -4.863e-01
63    2.188e+00    8.991e-01    2.890e+00    9.870e-01   -2.292e-01   -3.619e-01   -5.577e-01    2.005e-01    2.699e-01   -1.794e-01    6.919e-01   -4.232e-01   -4.863e-01
64    2.796e+00    9.425e-01    3.951e+00    9.973e-01   -1.352e-01   -5.183e-01   -6.551e-01   -3.592e-02    1.140e-01   -3.601e-01    7.724e-01   -7.380e-01   -4.863e-01
65    2.977e+00    9.515e-01    4.386e+00    9.986e-01   -4.115e-02   -4.535e-01   -6.167e-01   -6.285e-02   -6.746e-03   -3.685e-01    8.212e-01   -7.550e-01   -4.863e-01
66    2.439e+00    9.198e-01    3.874e+00    9.969e-01    1.597e-01   -2.561e-01   -5.106e-01   -1.482e-01    3.783e-02   -2.720e-01    1.783e-01   -1.008e+00   -4.863e-01
67    2.786e+00    9.419e-01    4.469e+00    9.987e-01    1.578e-01   -5.129e-01   -5.619e-01   -5.594e-02   -1.825e-01   -1.272e-01    2.715e-01   -1.025e+00   -4.863e-01
68    2.789e+00    9.421e-01    4.691e+00    9.991e-01   -6.391e-02   -7.075e-01   -5.133e-01   -3.164e-02   -1.124e-01   -1.676e-01    5.382e-01   -8.334e-01   -4.863e-01
69    2.358e+00    9.136e-01    4.204e+00    9.981e-01    5.089e-02   -1.227e-01   -4.367e-01   -1.211e-02    3.835e-02   -3.475e-01    3.546e-01   -7.744e-01   -4.863e-01
70    2.914e+00    9.485e-01    4.228e+00    9.982e-01   -4.907e-02   -4.549e-01   -5.157e-01    5.702e-02   -2.468e-01   -2.837e-01    6.304e-01   -7.383e-01   -4.863e-01
71    2.829e+00    9.442e-01    4.548e+00    9.989e-01   -1.936e-01   -1.750e-01   -7.700e-01   -1.788e-01   -2.571e-01   -2.834e-01    6.653e-01   -6.586e-01   -4.863e-01
72    3.037e+00    9.542e-01    4.852e+00    9.993e-01    8.552e-02   -8.265e-03   -8.520e-01   -1.859e-01   -2.922e-01   -3.336e-01    6.037e-01   -5.059e-01   -4.863e-01
73    3.360e+00    9.664e-01    4.761e+00    9.992e-01    2.330e-01   -3.703e-01   -9.096e-01   -2.312e-01   -1.182e-02   -2.869e-01    1.058e+00    1.395e-01   -4.863e-01
74    3.339e+00    9.658e-01    4.404e+00    9.986e-01    4.260e-01   -2.447e-01   -8.379e-01   -2.130e-01   -2.462e-01    4.550e-02    9.354e-01    9.248e-02   -4.863e-01
75    3.189e+00    9.604e-01    3.711e+00    9.961e-01    2.241e-01   -5.470e-01   -8.053e-01   -2.903e-01    9.011e-03    1.796e-01    1.225e+00    2.005e-01   -4.863e-01
76    2.961e+00    9.508e-01    3.859e+00    9.969e-01    2.815e-01   -3.397e-01   -8.996e-01   -1.154e-01   -3.087e-01    3.169e-01    6.044e-01   -1.015e-01   -4.863e-01
77    2.266e+00    9.060e-01    3.201e+00    9.918e-01   -2.729e-02   -4.283e-01   -7.306e-01    1.053e-01   -2.336e-01    6.876e-01    5.788e-01    4.799e-02   -4.863e-01
78    1.251e+00    7.776e-01    2.271e+00    9.683e-01    3.383e-03   -2.600e-01   -6.094e-01    1.873e-01    4.299e-01    8.146e-01    2.360e-01   -3.344e-01   -4.863e-01
79    5.493e-01    6.340e-01    1.110e+00    8.463e-01   -6.646e-01    1.522e-01   -4.588e-01    4.542e-01    4.659e-02    3.318e-01   -4.052e-01   -7.973e-01   -4.863e-01
80   -7.026e-03    4.982e-01    8.848e-01    7.980e-01   -7.359e-01    2.031e-01   -6.413e-01    4.809e-01    1.329e-01    7.344e-01   -7.629e-01   -9.202e-01   -4.863e-01
81   -2.404e-01    4.402e-01    6.308e-01    7.308e-01   -5.102e-01    5.869e-01   -4.668e-01    4.614e-01   -1.413e-01    9.772e-01   -1.082e+00   -1.083e+00   -4.863e-01
82   -4.252e-01    3.953e-01    2.509e-01    6.079e-01   -7.685e-01    5.616e-01   -4.225e-01    1.475e-01   -2.522e-02    8.548e-01   -9.702e-01   -1.061e+00   -4.863e-01
83    5.210e-01    6.274e-01    1.279e+00    8.761e-01   -5.310e-01    5.006e-01   -5.629e-01    1.395e-02   -2.329e-01    6.101e-01   -6.147e-01   -1.005e+00   -4.863e-01
84    4.720e-01    6.159e-01    1.176e+00    8.586e-01   -5.716e-01    1.132e-01   -5.908e-01    3.409e-01   -1.310e-02    6.556e-01   -6.039e-01   -9.634e-01   -4.863e-01
85    3.398e-01    5.841e-01    1.779e+00    9.366e-01   -4.667e-01    6.811e-01   -4.436e-01    4.522e-01    1.157e-01    3.644e-01   -4.404e-01   -8.579e-01   -4.863e-01
86    5.499e-03    5.014e-01    1.167e+00    8.570e-01   -4.964e-01    3.177e-01   -1.819e-01    5.637e-01    4.144e-01    3.653e-01   -4.995e-01   -7.822e-01   -4.863e-01
87    1.436e-01    5.358e-01    9.137e-01    8.047e-01   -6.141e-01   -1.164e-01   -4.383e-04    3.354e-01    3.428e-01    2.493e-01   -5.148e-01   -7.793e-01   -4.863e-01
88    5.884e-01    6.430e-01    1.674e+00    9.267e-01   -4.063e-01   -3.136e-02   -2.965e-01    4.382e-01    2.551e-01    2.827e-01   -4.700e-01   -8.976e-01   -4.863e-01
89    3.084e+00    9.562e-01    4.008e+00    9.975e-01    9.047e-02   -5.055e-01   -7.780e-01   -1.364e-01   -4.079e-01   -4.053e-02    5.824e-01   -5.321e-02   -4.863e-01
90    3.199e+00    9.608e-01    4.007e+00    9.975e-01    2.627e-01   -5.764e-01   -8.101e-01   -3.079e-01   -4.995e-02   -3.169e-01    6.547e-01    1.874e-02   -4.863e-01
91    2.819e+00    9.437e-01    4.210e+00    9.981e-01    2.251e-01   -7.691e-02   -9.791e-01   -1.298e-01   -1.450e-01   -2.484e-01    2.504e-01   -4.701e-01   -4.863e-01
92    2.716e+00    9.380e-01    3.820e+00    9.967e-01   -3.818e-02    3.777e-01   -9.430e-01    9.766e-02   -5.233e-01   -3.627e-01    1.550e-01   -8.935e-01   -4.863e-01
93    2.727e+00    9.386e-01    3.580e+00    9.953e-01   -2.262e-01    2.815e-01   -1.157e+00   -4.168e-02   -5.685e-01   -4.275e-01    3.243e-03   -1.023e+00   -4.863e-01
94    2.190e+00    8.994e-01    3.685e+00    9.959e-01   -2.628e-01    1.322e-01   -1.100e+00    1.967e-01   -6.179e-01    1.867e-01   -2.491e-01   -9.963e-01   -4.863e-01
95    1.292e+00    7.845e-01    3.019e+00    9.892e-01   -1.916e-01    4.755e-01   -1.012e+00    3.487e-01   -2.569e-02    3.035e-01   -3.904e-01   -9.623e-01   -4.863e-01
96    1.727e+00    8.490e-01    2.845e+00    9.861e-01   -3.568e-01    6.387e-02   -1.082e+00    2.652e-01   -2.593e-01    4.236e-01   -1.478e-01   -9.451e-01   -4.863e-01
97    1.338e+00    7.921e-01    2.308e+00    9.699e-01   -4.617e-01    5.411e-01   -9.784e-01    9.094e-02   -4.334e-01    3.536e-01   -4.052e-01   -1.052e+00   -4.863e-01
98    2.444e+00    9.201e-01    3.345e+00    9.933e-01   -1.827e-01    1.684e-01   -7.028e-01   -1.337e-01   -4.457e-01    1.588e-02    5.122e-01   -4.650e-01   -4.863e-01
99    1.663e+00    8.406e-01    2.489e+00    9.768e-01   -3.202e-01    2.748e-01   -5.346e-01   -1.384e-01   -2.930e-01    1.990e-01    2.101e-01   -4.198e-01   -4.863e-01
100    1.860e+00    8.653e-01    2.667e+00    9.821e-01   -2.440e-01    1.305e-01   -2.654e-01    1.058e-01   -2.262e-01   -8.399e-02    3.545e-01   -4.604e-01   -4.863e-01
# LEU1
1    2.824e+00    9.439e-01    4.446e+00    9.987e-01    1.766e-01    1.090e-01   -1.033e+00   -1.886e-01   -1.122e+00    1.810e-01   -5.129e-01   -9.795e-01   -4.863e-01
2    2.695e+00    9.367e-01    4.499e+00    9.988e-01    4.170e-01    1.688e-01   -9.081e-01    1.462e-01   -9.037e-01    4.502e-01   -3.531e-01   -1.085e+00   -4.863e-01
3    3.230e+00    9.620e-01    5.140e+00    9.995e-01    3.171e-01   -4.609e-01   -1.036e+00    2.500e-01   -9.516e-01    4.135e-01   -7.383e-02   -6.900e-01   -4.863e-01
4    3.262e+00    9.631e-01    5.424e+00    9.997e-01    2.805e-01   -3.937e-01   -1.093e+00    9.564e-02   -1.054e+00    4.773e-01   -8.851e-02   -7.939e-01   -4.863e-01
5    4.357e+00    9.874e-01    6.992e+00    1.000e+00    5.041e-01   -7.307e-01   -1.007e+00    2.779e-03   -1.113e+00    1.428e-01    6.672e-01   -3.481e-01   -4.863e-01
6    4.589e+00    9.899e-01    7.370e+00    1.000e+00    7.110e-01   -9.295e-01   -1.014e+00   -8.132e-02   -1.052e+00   -1.032e-01    4.263e-01   -4.456e-01   -4.863e-01
7    4.330e+00    9.870e-01    7.366e+00    1.000e+00    6.546e-01   -8.458e-01   -1.018e+00    5.390e-02   -9.794e-01   -2.850e-02    3.374e-01   -5.569e-01   -4.863e-01
8    3.957e+00    9.812e-01    6.930e+00    1.000e+00    8.861e-01   -5.586e-01   -1.018e+00   -1.025e-02   -5.756e-01   -1.722e-01    9.074e-02   -7.235e-01   -4.863e-01
9    4.294e+00    9.865e-01    7.042e+00    1.000e+00    5.932e-01   -6.145e-01   -9.428e-01   -2.446e-01   -1.095e+00   -4.908e-01   -3.106e-02   -9.797e-01   -4.863e-01
10    4.169e+00    9.848e-01    7.549e+00    1.000e+00    4.715e-01   -3.296e-01   -1.117e+00   -2.305e-01   -1.209e+00   -2.977e-01    1.592e-02   -1.015e+00   -4.863e-01
11    4.714e+00    9.911e-01    8.979e+00    1.000e+00    6.377e-01   -6.273e-01   -1.112e+00   -1.829e-01   -1.216e+00   -1.768e-01    4.449e-01   -9.014e-01   -4.863e-01
12    5.255e+00    9.948e-01    9.821e+00    1.000e+00    8.901e-01   -8.321e-01   -1.065e+00   -2.440e-01   -1.311e+00   -1.455e-01    7.404e-01   -5.370e-01   -4.863e-01
13    4.951e+00    9.930e-01    9.604e+00    1.000e+00    9.623e-01   -5.711e-01   -1.172e+00   -3.021e-01   -1.198e+00   -3.840e-01    2.470e-01   -7.083e-01   -4.863e-01
14    5.297e+00    9.950e-01    1.003e+01    1.000e+00    1.169e+00   -5.614e-01   -1.090e+00   -2.854e-01   -1.029e+00   -6.811e-01    4.827e-01   -7.228e-01   -4.863e-01
15    5.347e+00    9.953e-01    1.012e+01    1.000e+00    1.091e+00   -3.004e-01   -9.907e-01   -3.132e-01   -9.948e-01   -1.018e+00    6.352e-01   -8.758e-01   -4.863e-01
16    5.468e+00    9.958e-01    1.043e+01    1.000e+00    1.268e+00   -7.051e-01   -1.063e+00   -9.757e-02   -8.475e-01   -7.673e-01    6.768e-01   -6.544e-01   -4.863e-01
17    5.062e+00    9.937e-01    9.654e+00    1.000e+00    1.079e+00   -4.491e-01   -1.114e+00    1.711e-02   -1.160e+00   -4.083e-01    4.622e-01   -5.403e-01   -4.863e-01
18    5.330e+00    9.952e-01    9.147e+00    1.000e+00    9.218e-01   -8.296e-01   -1.122e+00    9.342e-02   -1.298e+00   -3.124e-01    7.620e-01   -4.033e-02   -4.863e-01
19    5.669e+00    9.966e-01    9.519e+00    1.000e+00    1.008e+00   -8.697e-01   -1.162e+00    9.615e-02   -1.428e+00   -3.349e-01    8.925e-01    6.381e-02   -4.863e-01
20    5.459e+00    9.958e-01    9.865e+00    1.000e+00    1.374e+00   -6.622e-01   -1.087e+00    9.539e-02   -1.119e+00   -2.185e-01    7.976e-01   -1.558e-01   -4.863e-01
21    5.551e+00    9.961e-01    9.694e+00    1.000e+00    1.068e+00   -9.019e-01   -9.659e-01    1.011e-01   -1.303e+00   -5.866e-01    6.362e-01   -4.571e-01   -4.863e-01
22    4.742e+00    9.914e-01    8.903e+00    1.000e+00    1.092e+00   -6.144e-01   -9.821e-01    9.206e-02   -8.590e-01   -4.639e-01    2.982e-01   -7.208e-01   -4.863e-01
23    4.738e+00    9.913e-01    8.841e+00    1.000e+00    9.505e-01   -6.235e-01   -9.093e-01   -2.306e-02   -9.827e-01   -5.224e-01    3.282e-01   -6.779e-01   -4.863e-01
24    4.575e+00    9.898e-01    8.049e+00    1.000e+00    7.377e-01   -4.149e-01   -1.000e+00    4.698e-03   -1.187e+00   -4.578e-01    2.140e-01   -8.409e-01   -4.863e-01
25    4.200e+00    9.852e-01    8.121e+00    1.000e+00    7.308e-01   -4.594e-01   -9.348e-01    1.781e-01   -1.127e+00   -2.314e-01    1.641e-02   -8.573e-01   -4.863e-01
26    4.169e+00    9.848e-01    7.533e+00    1.000e+00    7.555e-01   -6.488e-01   -8.912e-01    8.031e-02   -8.851e-01   -1.383e-01    3.094e-01   -3.976e-01   -4.863e-01
27    4.267e+00    9.862e-01    7.211e+00    1.000e+00    6.862e-01   -7.891e-01   -9.376e-01    3.371e-02   -9.244e-01    1.419e-01    5.637e-01   -3.894e-01   -4.863e-01
28    3.532e+00    9.716e-01    6.045e+00    9.999e-01    5.605e-01   -6.518e-01   -7.214e-01    1.441e-01   -9.033e-01    2.795e-01    1.905e-01   -3.144e-01   -4.863e-01
29    4.067e+00    9.832e-01    6.603e+00    9.999e-01    6.743e-01   -7.767e-01   -8.018e-01    1.196e-01   -9.722e-01    2.331e-01    5.411e-01   -3.608e-02   -4.863e-01
30    4.136e+00    9.843e-01    7.359e+00    1.000e+00    8.208e-01   -8.292e-01   -8.063e-01    2.994e-01   -9.916e-01    3.421e-01    5.206e-01    9.357e-02   -4.863e-01
31    4.285e+00    9.864e-01    7.927e+00    1.000e+00    9.000e-01   -8.980e-01   -9.395e-01    3.902e-01   -9.947e-01    4.906e-01    5.671e-01    2.830e-02   -4.863e-01
32    4.294e+00    9.865e-01    8.054e+00    1.000e+00    8.555e-01   -1.070e+00   -1.118e+00    6.836e-02   -8.071e-01    6.639e-01    7.348e-01    1.496e-01   -4.863e-01
33    4.269e+00    9.862e-01    7.711e+00    1.000e+00    9.109e-01   -9.947e-01   -1.054e+00    1.533e-02   -8.724e-01    5.718e-01    5.663e-01    5.054e-02   -4.863e-01
34    4.527e+00    9.893e-01    7.755e+00    1.000e+00    1.013e+00   -8.526e-01   -1.094e+00   -1.030e-01   -1.061e+00    3.215e-01    3.780e-01   -1.218e-01   -4.863e-01
35    5.151e+00    9.942e-01    8.383e+00    1.000e+00    1.277e+00   -6.962e-01   -1.052e+00   -2.931e-01   -1.107e+00   -3.513e-02    6.568e-01   -1.840e-01   -4.863e-01
36    5.282e+00    9.949e-01    8.548e+00    1.000e+00    1.231e+00   -7.726e-01   -9.410e-01   -3.667e-01   -1.191e+00   -4.853e-01    3.724e-01   -5.575e-01   -4.863e-01
37    5.080e+00    9.938e-01    8.797e+00    1.000e+00    1.206e+00   -5.106e-01   -1.000e+00   -4.026e-01   -9.858e-01   -5.098e-01    4.774e-01   -6.062e-01   -4.863e-01
38    5.345e+00    9.952e-01    9.486e+00    1.000e+00    1.350e+00   -4.383e-01   -1.140e+00   -4.435e-01   -9.259e-01   -6.042e-01    5.800e-01   -5.818e-01   -4.863e-01
39    5.109e+00    9.940e-01    8.409e+00    1.000e+00    1.228e+00   -3.371e-01   -1.115e+00   -4.344e-01   -8.107e-01   -7.770e-01    5.427e-01   -4.136e-01   -4.863e-01
40    4.797e+00    9.918e-01    8.306e+00    1.000e+00    1.323e+00   -6.639e-01   -1.113e+00   -1.779e-01   -6.806e-01   -3.045e-01    3.412e-01   -4.344e-01   -4.863e-01
41    5.300e+00    9.950e-01    9.407e+00    1.000e+00    1.480e+00   -9.282e-01   -1.136e+00    4.310e-02   -7.398e-01   -1.450e-01    6.886e-01   -3.852e-01   -4.863e-01
42    5.062e+00    9.937e-01    9.743e+00    1.000e+00    1.084e+00   -8.391e-01   -1.102e+00    9.396e-02   -8.814e-01   -2.218e-01    7.276e-01   -3.224e-01   -4.863e-01
43    5.319e+00    9.951e-01    1.045e+01    1.000e+00    1.194e+00   -6.887e-01   -1.097e+00    1.429e-01   -1.146e+00   -1.747e-01    7.268e-01   -5.204e-01   -4.863e-01
44    4.685e+00    9.909e-01    9.275e+00    1.000e+00    1.126e+00   -5.601e-01   -1.082e+00    1.490e-01   -9.547e-01   -8.011e-02    3.815e-01   -5.334e-01   -4.863e-01
45    4.861e+00    9.923e-01    9.342e+00    1.000e+00    1.021e+00   -7.067e-01   -1.119e+00    6.948e-02   -1.053e+00   -2.551e-01    3.381e-01   -5.537e-01   -4.863e-01
46    4.367e+00    9.875e-01    8.562e+00    1.000e+00    8.792e-01   -7.383e-01   -9.912e-01    4.500e-02   -8.618e-01   -1.585e-01    2.522e-01   -5.358e-01   -4.863e-01
47    4.722e+00    9.912e-01    8.756e+00    1.000e+00    1.033e+00   -9.205e-01   -1.055e+00   -2.240e-01   -8.143e-01   -2.581e-02    5.202e-01   -4.636e-01   -4.863e-01
48    4.862e+00    9.923e-01    9.509e+00    1.000e+00    1.403e+00   -4.664e-01   -1.061e+00   -2.442e-01   -9.164e-01   -5.820e-02    3.761e-01   -6.873e-01   -4.863e-01
49    4.889e+00    9.925e-01    9.457e+00    1.000e+00    1.289e+00   -2.238e-01   -1.072e+00   -3.510e-01   -9.336e-01   -1.337e-01    6.389e-01   -5.962e-01   -4.863e-01
50    4.885e+00    9.925e-01    9.165e+00    1.000e+00    1.365e+00   -4.344e-01   -1.165e+00   -3.835e-01   -7.757e-01    1.317e-01    7.424e-01   -4.845e-01   -4.863e-01
51    4.350e+00    9.873e-01    8.330e+00    1.000e+00    1.270e+00   -3.540e-01   -1.167e+00   -2.138e-01   -6.016e-01    3.203e-01    5.925e-01   -4.133e-01   -4.863e-01
52    4.039e+00    9.827e-01    8.427e+00    1.000e+00    1.393e+00    7.935e-02   -1.110e+00   -2.456e-01   -4.758e-01    1.550e-01    3.555e-01   -6.134e-01   -4.863e-01
53    3.911e+00    9.804e-01    7.878e+00    1.000e+00    1.198e+00   -5.204e-02   -1.090e+00   -2.723e-01   -2.485e-01   -9.926e-02    4.052e-01   -6.097e-01   -4.863e-01
54    3.768e+00    9.774e-01    8.120e+00    1.000e+00    1.172e+00   -1.755e-01   -1.099e+00   -2.246e-01   -2.415e-01   -2.651e-02    2.241e-01   -6.199e-01   -4.863e-01
55    3.788e+00    9.779e-01    7.551e+00    1.000e+00    9.039e-01   -5.242e-01   -9.227e-01   -1.622e-01   -6.151e-01    1.536e-01    1.919e-01   -5.998e-01   -4.863e-01
56    3.457e+00    9.694e-01    7.602e+00    1.000e+00    1.112e+00    1.438e-02   -9.659e-01   -1.404e-01   -4.716e-01    1.242e-01   -3.644e-02   -7.439e-01   -4.863e-01
57    4.113e+00    9.839e-01    8.446e+00    1.000e+00    9.772e-01   -4.248e-01   -1.088e+00   -1.758e-01   -6.634e-01   -1.033e-01    1.563e-01   -7.625e-01   -4.863e-01
58    4.538e+00    9.894e-01    8.826e+00    1.000e+00    8.376e-01   -4.520e-01   -1.048e+00   -1.569e-01   -8.971e-01   -4.278e-01    3.744e-01   -6.747e-01   -4.863e-01
59    4.192e+00    9.851e-01    8.783e+00    1.000e+00    1.218e+00    1.395e-01   -1.111e+00   -4.539e-02   -7.982e-01   -1.239e-01    2.106e-01   -6.111e-01   -4.863e-01
60    3.730e+00    9.766e-01    8.275e+00    1.000e+00    1.292e+00    1.662e-01   -1.217e+00   -1.257e-01   -5.500e-01   -9.744e-03   -1.418e-01   -4.775e-01   -4.863e-01
61    4.666e+00    9.907e-01    9.664e+00    1.000e+00    1.552e+00   -2.138e-02   -1.247e+00   -1.323e-01   -8.495e-01   -1.195e-01    1.941e-01   -3.897e-01   -4.863e-01
62    4.497e+00    9.890e-01    9.552e+00    1.000e+00    1.433e+00    1.118e-01   -1.221e+00   -5.634e-02   -9.739e-01    1.073e-01    2.738e-01   -3.749e-01   -4.863e-01
63    4.606e+00    9.901e-01    8.434e+00    1.000e+00    9.851e-01   -3.576e-01   -1.244e+00    5.529e-02   -1.196e+00   -2.314e-02    2.936e-01   -1.560e-01   -4.863e-01
64    4.897e+00    9.926e-01    8.720e+00    1.000e+00    1.449e+00   -4.300e-01   -1.146e+00    1.627e-01   -1.027e+00    7.858e-02    4.387e-01   -1.625e-01   -4.863e-01
65    4.222e+00    9.855e-01    8.535e+00    1.000e+00    1.018e+00   -4.138e-01   -1.170e+00    2.110e-01   -9.358e-01    2.722e-01    2.516e-01   -4.995e-01   -4.863e-01
66    4.525e+00    9.893e-01    8.473e+00    1.000e+00    7.852e-01   -6.443e-01   -1.095e+00    1.887e-01   -1.092e+00   -7.656e-02    3.381e-01   -5.934e-01   -4.863e-01
67    4.366e+00    9.875e-01    8.442e+00    1.000e+00    7.040e-01   -7.933e-01   -9.496e-01    1.696e-01   -1.074e+00   -4.953e-01   -1.123e-01   -7.712e-01   -4.863e-01
68    4.729e+00    9.912e-01    9.048e+00    1.000e+00    9.020e-01   -7.351e-01   -1.103e+00    1.717e-01   -1.019e+00   -6.529e-01    6.282e-03   -6.250e-01   -4.863e-01
69    4.476e+00    9.887e-01    8.889e+00    1.000e+00    9.623e-01   -4.780e-01   -1.055e+00    2.136e-02   -1.091e+00   -5.775e-01   -2.331e-01   -7.430e-01   -4.863e-01
70    4.484e+00    9.888e-01    9.413e+00    1.000e+00    1.209e+00   -4.616e-01   -1.083e+00   -1.037e-01   -1.219e+00   -1.956e-01   -3.754e-01   -7.546e-01   -4.863e-01
71    4.632e+00    9.904e-01    9.851e+00    1.000e+00    1.373e+00   -2.291e-01   -1.047e+00    1.738e-02   -1.189e+00   -1.330e-01   -9.852e-02   -7.732e-01   -4.863e-01
72    4.412e+00    9.880e-01    8.799e+00    1.000e+00    1.183e+00   -6.611e-01   -1.007e+00   -2.704e-01   -1.058e+00    1.157e-01   -7.156e-02   -7.229e-01   -4.863e-01
73    5.068e+00    9.937e-01    9.671e+00    1.000e+00    1.444e+00   -5.230e-01   -1.071e+00   -3.046e-01   -1.185e+00   -1.004e-01    2.338e-01   -5.198e-01   -4.863e-01
74    5.586e+00    9.963e-01    9.880e+00    1.000e+00    1.075e+00   -1.090e+00   -1.213e+00   -2.400e-01   -1.248e+00   -4.442e-01    5.707e-01   -1.401e-01   -4.863e-01
75    5.348e+00    9.953e-01    1.046e+01    1.000e+00    1.124e+00   -8.746e-01   -1.192e+00   -1.726e-01   -1.066e+00   -5.467e-01    4.285e-01   -4.672e-01   -4.863e-01
76    5.614e+00    9.964e-01    1.081e+01    1.000e+00    1.303e+00   -7.883e-01   -1.187e+00   -1.718e-01   -1.019e+00   -4.961e-01    7.757e-01   -2.308e-01   -4.863e-01
77    5.618e+00    9.964e-01    1.056e+01    1.000e+00    1.347e+00   -7.346e-01   -1.108e+00   -1.887e-01   -9.428e-01   -4.821e-01    9.514e-01   -1.380e-01   -4.863e-01
78    5.121e+00    9.941e-01    9.704e+00    1.000e+00    9.317e-01   -6.914e-01   -1.070e+00    7.336e-02   -9.923e-01   -6.228e-01    6.331e-01   -4.335e-01   -4.863e-01
79    4.961e+00    9.930e-01    9.089e+00    1.000e+00    8.931e-01   -9.203e-01   -1.039e+00    1.173e-01   -6.681e-01   -7.666e-01    6.513e-01   -2.173e-01   -4.863e-01
80    5.103e+00    9.940e-01    9.625e+00    1.000e+00    8.644e-01   -6.849e-01   -1.067e+00    2.403e-01   -1.147e+00   -5.525e-01    6.035e-01   -3.360e-01   -4.863e-01
81    5.030e+00    9.935e-01    9.666e+00    1.000e+00    8.683e-01   -4.320e-01   -1.109e+00    3.064e-01   -1.431e+00   -4.541e-01    3.952e-01   -3.289e-01   -4.863e-01
82    5.033e+00    9.935e-01    9.734e+00    1.000e+00    8.624e-01   -4.837e-01   -1.127e+00    1.518e-01   -1.459e+00   -1.546e-01    6.036e-01   -1.252e-01   -4.863e-01
83    4.901e+00    9.926e-01    9.258e+00    1.000e+00    7.268e-01   -6.239e-01   -1.060e+00    1.504e-01   -1.275e+00   -3.350e-01    5.983e-01   -2.234e-01   -4.863e-01
84    4.606e+00    9.901e-01    8.473e+00    1.000e+00    6.506e-01   -6.848e-01   -9.330e-01    3.021e-01   -1.218e+00   -3.964e-01    4.227e-01   -8.939e-02   -4.863e-01
85    4.100e+00    9.837e-01    7.927e+00    1.000e+00    7.327e-01   -4.817e-01   -7.173e-01    5.207e-02   -9.230e-01   -4.569e-01    2.655e-01   -1.261e-01   -4.863e-01
86    4.115e+00    9.839e-01    8.285e+00    1.000e+00    7.674e-01   -6.368e-01   -7.385e-01    1.075e-01   -8.265e-01   -2.109e-01    4.869e-01    1.136e-01   -4.863e-01
87    4.431e+00    9.882e-01    7.996e+00    1.000e+00    6.268e-01   -8.319e-01   -8.321e-01    6.036e-02   -9.159e-01   -3.074e-01    6.777e-01    1.654e-01   -4.863e-01
88    4.141e+00    9.843e-01    7.631e+00    1.000e+00    5.121e-01   -7.554e-01   -1.035e+00    2.017e-01   -1.011e+00   -1.131e-01    3.639e-01    1.325e-01   -4.863e-01
89    5.381e+00    9.954e-01    9.541e+00    1.000e+00    1.034e+00   -1.019e+00   -1.159e+00   -1.748e-01   -1.148e+00   -3.677e-01    7.094e-01    2.244e-01   -4.863e-01
90    5.067e+00    9.937e-01    9.043e+00    1.000e+00    8.624e-01   -1.027e+00   -1.138e+00   -1.577e-01   -9.375e-01   -5.600e-01    6.168e-01    2.708e-01   -4.863e-01
91    4.665e+00    9.907e-01    8.712e+00    1.000e+00    9.049e-01   -9.343e-01   -1.099e+00   -1.061e-01   -6.603e-01   -1.955e-01    7.702e-01    3.047e-01   -4.863e-01
92    5.419e+00    9.956e-01    1.000e+01    1.000e+00    1.363e+00   -9.911e-01   -1.204e+00   -7.152e-02   -8.072e-01    3.999e-03    1.062e+00    2.614e-01   -4.863e-01
93    5.532e+00    9.961e-01    9.786e+00    1.000e+00    1.273e+00   -9.667e-01   -1.192e+00   -4.446e-02   -1.084e+00   -1.571e-01    8.492e-01    7.655e-02   -4.863e-01
94    5.663e+00    9.965e-01    1.008e+01    1.000e+00    1.174e+00   -8.412e-01   -1.176e+00   -1.314e-01   -1.153e+00   -5.437e-01    8.527e-01    1.365e-01   -4.863e-01
95    5.596e+00    9.963e-01    1.047e+01    1.000e+00    1.275e+00   -4.309e-01   -1.166e+00   -3.991e-02   -1.245e+00   -6.413e-01    6.878e-01   -1.659e-01   -4.863e-01
96    6.185e+00    9.979e-01    1.129e+01    1.000e+00    1.250e+00   -7.406e-01   -1.193e+00   -2.042e-01   -1.241e+00   -8.601e-01    1.059e+00   -2.070e-01   -4.863e-01
97    6.433e+00    9.984e-01    1.164e+01    1.000e+00    1.392e+00   -7.648e-01   -1.228e+00   -2.540e-01   -1.258e+00   -9.963e-01    1.027e+00   -2.412e-01   -4.863e-01
98    6.455e+00    9.984e-01    1.170e+01    1.000e+00    1.380e+00   -7.082e-01   -1.237e+00   -3.686e-01   -1.427e+00   -1.033e+00    8.878e-01   -1.592e-01   -4.863e-01
99    6.099e+00    9.978e-01    1.084e+01    1.000e+00    1.345e+00   -5.846e-01   -1.178e+00   -3.652e-01   -1.398e+00   -8.406e-01    8.144e-01   -5.169e-02   -4.863e-01
100    6.063e+00    9.977e-01    1.099e+01    1.000e+00    1.415e+00   -5.537e-01   -1.249e+00   -5.216e-01   -1.357e+00   -8.777e-01    6.582e-01   -4.418e-02   -4.863e-01
# LEU2
1    1.940e+00    8.744e-01    3.747e+00    9.963e-01   -9.063e-02   -1.245e-01   -2.036e-01    1.600e-01   -4.897e-01    2.670e-01    2.067e-01   -1.280e-01   -4.863e-01
2    1.049e+00    7.405e-01    2.835e+00    9.859e-01   -3.638e-01    9.165e-02   -1.499e-01    6.135e-01   -3.840e-01    3.884e-01   -2.962e-01   -5.881e-01   -4.863e-01
3    2.257e+00    9.052e-01    3.542e+00    9.950e-01   -4.251e-01    1.032e-01   -2.582e-01    3.104e-01   -8.210e-01   -1.687e-01    3.090e-01   -5.057e-01   -4.863e-01
4    2.163e+00    8.968e-01    3.242e+00    9.922e-01   -4.657e-01    2.370e-01   -4.729e-01    1.678e-01   -8.883e-01   -7.752e-03    1.793e-01   -5.584e-01   -4.863e-01
5    1.227e+00    7.734e-01    2.548e+00    9.787e-01   -5.716e-01    7.013e-01   -5.021e-01    1.347e-01   -6.551e-01    2.136e-01   -2.053e-01   -7.340e-01   -4.863e-01
6    1.034e+00    7.377e-01    2.780e+00    9.848e-01   -2.905e-01    9.615e-01   -8.797e-01    4.431e-01   -6.082e-01    8.063e-01   -4.014e-01   -8.342e-01   -4.863e-01
7    1.386e+00    7.999e-01    2.887e+00    9.870e-01   -6.706e-01    8.471e-01   -1.164e+00    4.491e-01   -1.092e+00    8.894e-01   -2.704e-01   -6.597e-01   -4.863e-01
8    1.443e+00    8.089e-01    3.245e+00    9.923e-01   -4.756e-01    1.052e+00   -1.108e+00    5.685e-01   -1.025e+00    9.030e-01   -1.308e-01   -6.000e-01   -4.863e-01
9    1.427e+00    8.065e-01    3.356e+00    9.934e-01   -4.034e-01    1.153e+00   -1.065e+00    7.310e-01   -1.025e+00    8.245e-01   -1.851e-01   -5.946e-01   -4.863e-01
10    1.961e+00    8.766e-01    3.697e+00    9.960e-01   -4.162e-01    6.916e-01   -1.107e+00    6.731e-01   -1.268e+00    8.440e-01   -7.522e-02   -4.819e-01   -4.863e-01
11    1.594e+00    8.312e-01    4.120e+00    9.979e-01   -3.719e-02    5.367e-01   -1.007e+00    7.786e-01   -9.277e-01    1.199e+00   -3.858e-01   -7.110e-01   -4.863e-01
12    2.053e+00    8.862e-01    4.869e+00    9.993e-01   -8.568e-02    3.916e-01   -8.784e-01    5.548e-01   -1.140e+00    7.560e-01   -3.071e-01   -5.614e-01   -4.863e-01
13    2.739e+00    9.393e-01    6.131e+00    9.999e-01    3.498e-01    3.975e-02   -6.918e-01    4.375e-01   -9.559e-01    6.664e-01    1.628e-01   -3.785e-01   -4.863e-01
14    2.774e+00    9.413e-01    6.373e+00    9.999e-01   -8.568e-02    1.876e-01   -9.134e-01    4.220e-01   -1.475e+00    8.136e-01    1.997e-01   -1.677e-01   -4.863e-01
15    2.817e+00    9.436e-01    6.797e+00    1.000e+00    1.637e-01    4.959e-01   -1.065e+00    3.580e-01   -1.172e+00    7.307e-01    3.191e-01   -2.054e-01   -4.863e-01
16    2.997e+00    9.524e-01    6.491e+00    9.999e-01    1.350e-01    2.336e-01   -1.115e+00    1.056e-01   -9.366e-01    5.274e-01    4.831e-01   -1.178e-01   -4.863e-01
17    3.448e+00    9.692e-01    6.787e+00    1.000e+00    6.771e-02   -8.760e-02   -1.147e+00    2.728e-01   -1.151e+00    4.512e-01    6.042e-01   -8.048e-02   -4.863e-01
18    3.594e+00    9.733e-01    7.014e+00    1.000e+00    1.152e-01    1.975e-01   -1.177e+00    1.042e-01   -1.089e+00    2.396e-01    8.175e-01   -2.066e-02   -4.863e-01
19    3.706e+00    9.760e-01    7.009e+00    1.000e+00    1.083e-01    4.754e-01   -1.164e+00    8.043e-02   -1.257e+00    1.241e-01    8.599e-01   -1.277e-01   -4.863e-01
20    3.458e+00    9.695e-01    6.362e+00    9.999e-01    1.795e-01    4.989e-01   -9.586e-01   -2.717e-02   -1.062e+00    1.485e-01    9.224e-01    4.175e-02   -4.863e-01
21    1.380e+00    7.990e-01    3.031e+00    9.894e-01   -5.310e-01    6.530e-01   -7.912e-01    3.116e-01   -9.147e-01    5.634e-01   -2.561e-01   -3.433e-01   -4.863e-01
22    1.357e+00    7.953e-01    2.800e+00    9.852e-01   -5.666e-01    2.658e-01   -8.594e-01    5.175e-01   -9.303e-01    7.007e-01   -4.586e-01   -3.089e-01   -4.863e-01
23    1.802e+00    8.583e-01    2.890e+00    9.870e-01   -5.142e-01    2.377e-01   -7.855e-01    2.854e-01   -1.092e+00    5.977e-01   -1.646e-01   -2.303e-01   -4.863e-01
24    1.425e+00    8.061e-01    2.500e+00    9.772e-01   -5.953e-01    2.260e-01   -7.436e-01    1.975e-01   -1.050e+00    8.078e-01   -3.366e-01   -3.202e-01   -4.863e-01
25    2.867e+00    9.462e-01    5.288e+00    9.996e-01   -1.975e-01    1.627e-01   -9.866e-01   -1.663e-01   -1.357e+00    4.929e-01    2.398e-01   -9.709e-02   -4.863e-01
26    2.855e+00    9.456e-01    5.290e+00    9.996e-01   -2.420e-01   -4.710e-02   -9.735e-01   -5.596e-02   -1.205e+00    2.619e-01    1.341e-01   -1.162e-01   -4.863e-01
27    2.997e+00    9.524e-01    5.587e+00    9.998e-01   -1.542e-02    2.704e-01   -8.615e-01    1.504e-01   -1.094e+00    1.813e-01    4.268e-01   -1.689e-01   -4.863e-01
28    2.895e+00    9.476e-01    5.186e+00    9.996e-01   -8.865e-02    4.807e-01   -9.655e-01    7.588e-02   -1.179e+00    2.489e-01    3.765e-01   -2.346e-01   -4.863e-01
29    3.312e+00    9.648e-01    5.988e+00    9.999e-01   -2.015e-01    3.675e-01   -1.114e+00    1.208e-01   -1.586e+00    1.070e-01    2.514e-01   -2.757e-01   -4.863e-01
30    3.568e+00    9.726e-01    6.144e+00    9.999e-01   -8.370e-02   -1.413e-01   -1.188e+00    1.196e-01   -1.076e+00    1.588e-01    7.819e-01    2.289e-01   -4.863e-01
31    2.983e+00    9.518e-01    6.551e+00    9.999e-01    1.944e-01    2.474e-01   -9.119e-01    2.241e-01   -7.703e-01    2.722e-01    6.075e-01    5.927e-02   -4.863e-01
32    2.962e+00    9.508e-01    6.246e+00    9.999e-01   -8.492e-03   -1.002e-01   -8.339e-01    2.493e-01   -1.023e+00    3.130e-01    3.441e-01   -1.253e-01   -4.863e-01
33    2.632e+00    9.329e-01    5.385e+00    9.997e-01   -2.529e-01   -4.973e-01   -5.530e-01    1.872e-01   -1.118e+00    5.142e-01    2.271e-01   -7.668e-02   -4.863e-01
34    2.667e+00    9.350e-01    5.140e+00    9.995e-01   -2.391e-01   -5.230e-01   -3.675e-01    1.729e-01   -1.026e+00    4.350e-01    4.698e-01    7.346e-02   -4.863e-01
35    1.719e+00    8.480e-01    4.250e+00    9.982e-01   -1.916e-01   -4.034e-01   -2.286e-01    2.534e-01   -4.520e-01    6.771e-01    2.079e-01   -1.149e-01   -4.863e-01
36    1.516e+00    8.199e-01    4.113e+00    9.978e-01   -2.589e-01   -1.235e-01   -2.578e-01    2.178e-01   -4.572e-01    5.758e-01    8.911e-02   -1.723e-01   -4.863e-01
37    1.234e+00    7.746e-01    3.612e+00    9.955e-01   -2.787e-01    1.888e-01   -3.690e-01    4.415e-02   -3.648e-01    6.129e-01   -2.372e-02   -2.731e-01   -4.863e-01
38    2.134e+00    8.942e-01    3.889e+00    9.970e-01   -4.439e-01   -3.690e-01   -5.297e-01   -1.713e-01   -7.441e-01    2.948e-01    1.926e-01    8.774e-02   -4.863e-01
39    2.355e+00    9.134e-01    4.431e+00    9.986e-01   -4.746e-01   -5.379e-02   -7.579e-01    1.125e-01   -1.185e+00    3.597e-01   -1.532e-03   -3.346e-01   -4.863e-01
40    2.427e+00    9.189e-01    4.791e+00    9.992e-01   -4.330e-01    6.497e-02   -8.719e-01    3.139e-01   -1.104e+00    3.197e-01    1.140e-01   -2.732e-01   -4.863e-01
41    3.393e+00    9.675e-01    5.698e+00    9.998e-01   -2.698e-01    1.287e-01   -1.115e+00    3.337e-01   -1.515e+00    1.922e-01    4.692e-01   -1.179e-01   -4.863e-01
42    2.608e+00    9.313e-01    4.789e+00    9.992e-01   -2.955e-01    4.615e-01   -1.169e+00    2.417e-01   -1.196e+00    4.402e-01    2.205e-01   -1.658e-01   -4.863e-01
43    2.266e+00    9.060e-01    3.812e+00    9.966e-01   -5.102e-01    2.405e-01   -9.306e-01    5.074e-01   -1.178e+00    5.665e-01    2.350e-01   -7.341e-02   -4.863e-01
44    3.196e+00    9.607e-01    4.559e+00    9.989e-01   -2.895e-01   -5.576e-01   -8.752e-01    3.019e-01   -1.345e+00    6.040e-01    6.358e-01    5.127e-01   -4.863e-01
45    3.019e+00    9.534e-01    5.299e+00    9.996e-01   -5.419e-01   -2.978e-01   -1.059e+00    3.864e-01   -1.615e+00    5.983e-01    3.402e-01    1.886e-01   -4.863e-01
46    2.964e+00    9.509e-01    5.454e+00    9.997e-01   -4.330e-01   -3.899e-01   -1.003e+00    1.636e-01   -1.414e+00    6.194e-01    3.970e-01    3.321e-01   -4.863e-01
47    2.984e+00    9.518e-01    5.909e+00    9.998e-01   -3.430e-01   -3.476e-01   -1.033e+00    8.436e-02   -1.078e+00    4.452e-01    5.113e-01    7.970e-02   -4.863e-01
48    2.873e+00    9.465e-01    5.683e+00    9.998e-01    7.167e-02    3.675e-01   -1.022e+00   -5.311e-02   -1.258e+00    5.822e-01    2.092e-01   -2.101e-01   -4.863e-01
49    2.273e+00    9.067e-01    4.631e+00    9.990e-01   -2.828e-02    5.543e-01   -9.966e-01    6.682e-02   -9.357e-01    4.625e-01   -4.684e-02   -3.399e-01   -4.863e-01
50    2.550e+00    9.276e-01    4.179e+00    9.980e-01   -7.381e-02   -8.018e-02   -8.051e-01    4.370e-02   -5.350e-01    4.325e-01    6.877e-01    3.534e-01   -4.863e-01
51    2.885e+00    9.471e-01    4.730e+00    9.991e-01   -2.153e-01   -2.598e-01   -6.655e-01    4.482e-02   -8.506e-01    4.068e-01    9.308e-01    5.071e-01   -4.863e-01
52    2.291e+00    9.081e-01    3.983e+00    9.974e-01   -4.677e-01   -1.548e-01   -3.846e-01    1.865e-01   -8.983e-01    3.738e-01    6.363e-01    2.725e-01   -4.863e-01
53    1.867e+00    8.661e-01    2.673e+00    9.822e-01   -4.261e-01    5.979e-02   -5.419e-01    1.342e-01   -6.944e-01    4.097e-01    2.194e-01   -1.574e-01   -4.863e-01
54    1.944e+00    8.748e-01    2.949e+00    9.881e-01   -4.350e-01    5.994e-01   -5.499e-01   -2.141e-01   -7.160e-01   -8.411e-02    2.356e-01   -2.454e-01   -4.863e-01
55    4.759e-01    6.168e-01    1.209e+00    7.895e-01   -4.697e-01    5.487e-01   -3.533e-01    6.219e-03   -3.317e-01    3.761e-01   -7.723e-01   -6.939e-01   -4.863e-01
56    1.807e+00    8.590e-01    3.270e+00    9.925e-01   -2.292e-01   -2.510e-02   -3.917e-01   -2.358e-01   -5.837e-01    2.227e-01   -5.587e-02   -1.232e-01   -4.863e-01
57    2.772e+00    9.411e-01    5.114e+00    9.995e-01    7.958e-02   -1.249e-02   -7.021e-01   -2.600e-01   -7.680e-01    1.406e-01    3.561e-01    1.323e-01   -4.863e-01
58    2.964e+00    9.509e-01    5.528e+00    9.997e-01   -6.094e-02    5.212e-02   -8.352e-01   -5.971e-01   -7.250e-01   -1.388e-01    5.682e-01    3.760e-01   -4.863e-01
59    2.916e+00    9.486e-01    5.245e+00    9.996e-01    6.672e-02    1.465e-04   -9.184e-01   -4.097e-01   -7.229e-01    2.718e-02    3.487e-01    1.744e-01   -4.863e-01
60    2.944e+00    9.500e-01    4.933e+00    9.994e-01    4.099e-02    4.959e-02   -9.748e-01   -1.959e-01   -9.017e-01    1.481e-01    3.049e-01    1.916e-01   -4.863e-01
61    2.806e+00    9.430e-01    5.294e+00    9.996e-01   -7.480e-02    1.875e-01   -9.938e-01   -6.249e-02   -1.075e+00    1.656e-01    1.401e-01    1.008e-01   -4.863e-01
62    2.775e+00    9.413e-01    5.345e+00    9.996e-01   -1.055e-01    2.685e-01   -9.887e-01   -1.403e-01   -1.069e+00    8.741e-02    9.017e-02   -1.017e-01   -4.863e-01
63    2.744e+00    9.396e-01    4.820e+00    9.992e-01   -8.766e-02   -7.100e-02   -8.758e-01   -9.309e-02   -9.196e-01    9.044e-02    5.753e-02   -1.526e-01   -4.863e-01
64    2.658e+00    9.345e-01    4.547e+00    9.989e-01   -1.520e-01   -8.961e-03   -8.667e-01   -2.684e-02   -1.022e+00    3.702e-01    2.059e-01   -4.937e-02   -4.863e-01
65    2.574e+00    9.292e-01    4.958e+00    9.994e-01    1.031e-02    8.175e-02   -8.322e-01   -2.050e-01   -8.504e-01    3.495e-01    1.452e-01   -1.663e-01   -4.863e-01
66    3.065e+00    9.554e-01    5.193e+00    9.996e-01    1.182e-01   -8.469e-02   -9.409e-01   -1.799e-01   -6.739e-01    2.192e-01    6.404e-01    2.317e-01   -4.863e-01
67    2.602e+00    9.310e-01    4.761e+00    9.992e-01    1.004e-01    3.134e-01   -8.885e-01   -4.609e-01   -5.030e-01    4.384e-01    7.337e-01    1.924e-01   -4.863e-01
68    2.545e+00    9.272e-01    4.191e+00    9.981e-01   -1.292e-01   -2.176e-02   -7.174e-01   -3.920e-01   -6.314e-01    1.817e-01    3.532e-01   -4.176e-01   -4.863e-01
69    2.567e+00    9.287e-01    3.923e+00    9.971e-01   -1.510e-01   -6.965e-02   -7.629e-01   -4.388e-01   -4.550e-01   -9.509e-02    3.148e-01   -4.225e-01   -4.863e-01
70    2.059e+00    8.868e-01    3.475e+00    9.945e-01   -2.391e-01    2.875e-01   -7.392e-01   -3.423e-01   -5.792e-01    6.156e-02    1.459e-02   -4.021e-01   -4.863e-01
71    2.050e+00    8.860e-01    3.721e+00    9.962e-01   -2.569e-01    3.620e-01   -8.898e-01   -2.246e-01   -5.696e-01    9.426e-02   -4.907e-03   -3.897e-01   -4.863e-01
72    3.145e+00    9.587e-01    5.530e+00    9.997e-01    1.914e-01    4.489e-02   -1.130e+00   -3.835e-01   -6.896e-01    1.917e-01    5.620e-01    3.374e-01   -4.863e-01
73    2.908e+00    9.482e-01    5.465e+00    9.997e-01    1.162e-01    3.093e-02   -1.241e+00   -2.160e-01   -4.019e-01    3.388e-01    7.211e-01    4.234e-01   -4.863e-01
74    3.077e+00    9.559e-01    5.703e+00    9.998e-01    3.010e-02   -1.305e-01   -1.292e+00   -7.661e-02   -5.472e-01    3.972e-01    7.518e-01    3.289e-01   -4.863e-01
75    3.120e+00    9.577e-01    6.184e+00    9.999e-01   -4.808e-02    5.748e-02   -1.334e+00   -4.827e-02   -9.658e-01    5.601e-01    6.040e-01    1.731e-01   -4.863e-01
76    2.662e+00    9.348e-01    5.337e+00    9.996e-01    2.864e-01    2.017e-01   -1.350e+00   -1.752e-02   -5.383e-01    7.702e-01    3.104e-01   -9.265e-02   -4.863e-01
77    2.113e+00    8.921e-01    4.928e+00    9.993e-01    2.844e-01    4.473e-01   -1.341e+00    6.043e-02   -3.848e-01    1.081e+00    2.043e-01   -1.102e-01   -4.863e-01
78    2.595e+00    9.305e-01    5.443e+00    9.997e-01    4.467e-01    2.486e-01   -1.343e+00   -4.763e-02   -6.441e-01    1.158e+00    2.925e-01    5.453e-02   -4.863e-01
79    2.834e+00    9.445e-01    5.803e+00    9.998e-01   -1.510e-01    3.411e-01   -1.357e+00   -1.756e-01   -1.189e+00    7.119e-01    3.857e-01    1.644e-01   -4.863e-01
80    3.341e+00    9.658e-01    5.958e+00    9.999e-01   -2.915e-01    9.349e-02   -1.367e+00   -2.785e-01   -1.185e+00    3.681e-01    7.796e-01    2.775e-01   -4.863e-01
81    3.552e+00    9.721e-01    6.189e+00    9.999e-01   -2.796e-01   -6.298e-02   -1.366e+00   -2.210e-01   -1.214e+00    2.742e-01    8.097e-01    2.134e-01   -4.863e-01
82    3.022e+00    9.536e-01    6.274e+00    9.999e-01    9.047e-02    5.675e-01   -1.364e+00   -1.888e-01   -9.734e-01    4.758e-01    5.668e-01    2.186e-01   -4.863e-01
83    2.841e+00    9.448e-01    5.438e+00    9.997e-01    3.596e-01    8.657e-02   -1.314e+00   -1.662e-01   -4.498e-01    7.539e-01    5.737e-01    2.831e-01   -4.863e-01
84    5.556e-01    6.354e-01    3.070e+00    9.900e-01   -1.411e-01    1.313e+00   -1.331e+00    6.923e-02   -2.395e-01    1.134e+00   -6.324e-01   -7.090e-01   -4.863e-01
85    3.230e+00    9.619e-01    6.341e+00    9.999e-01    2.152e-01    1.359e-02   -1.344e+00   -3.228e-01   -9.348e-01    5.218e-01    3.590e-01    3.908e-02   -4.863e-01
86    3.100e+00    9.569e-01    6.398e+00    9.999e-01   -2.235e-02    7.762e-02   -1.338e+00   -2.000e-01   -1.197e+00    7.250e-01    3.697e-01   -2.921e-02   -4.863e-01
87    2.773e+00    9.412e-01    5.856e+00    9.998e-01    1.894e-01    2.309e-01   -1.308e+00   -3.140e-01   -9.591e-01    7.081e-01    1.578e-02   -3.304e-01   -4.863e-01
88    3.127e+00    9.580e-01    6.346e+00    9.999e-01    2.320e-01    2.481e-01   -1.259e+00   -2.768e-01   -8.160e-01    5.390e-01    5.076e-01   -3.435e-01   -4.863e-01
89    2.994e+00    9.523e-01    6.091e+00    9.999e-01    2.933e-01    9.788e-02   -1.202e+00   -3.368e-01   -8.783e-01    7.278e-01    2.654e-01   -4.290e-01   -4.863e-01
90    2.556e+00    9.280e-01    5.530e+00    9.997e-01    1.063e-01    1.151e-01   -1.234e+00   -4.773e-01   -6.775e-01    6.879e-01    1.257e-01   -3.027e-01   -4.863e-01
91    2.660e+00    9.346e-01    5.276e+00    9.996e-01    2.394e-03    1.421e-02   -1.275e+00   -4.140e-01   -6.844e-01    4.474e-01    8.094e-02   -2.940e-01   -4.863e-01
92    2.721e+00    9.382e-01    5.787e+00    9.998e-01    1.083e-01    3.887e-02   -1.284e+00   -1.649e-01   -5.672e-01    2.669e-01    4.195e-02   -3.131e-01   -4.863e-01
93    3.458e+00    9.695e-01    7.459e+00    1.000e+00    2.023e-01   -5.533e-02   -1.307e+00   -1.850e-01   -9.022e-01    2.965e-01    4.455e-01   -2.814e-01   -4.863e-01
94    3.035e+00    9.541e-01    6.901e+00    1.000e+00    1.130e-02   -2.458e-01   -1.315e+00   -1.192e-01   -7.650e-01    5.844e-01    4.059e-01   -1.591e-01   -4.863e-01
95    3.618e+00    9.739e-01    7.062e+00    1.000e+00    5.188e-02   -4.479e-01   -1.345e+00   -7.456e-02   -9.319e-01    5.467e-01    7.795e-01    7.045e-02   -4.863e-01
96    3.245e+00    9.625e-01    6.026e+00    9.999e-01   -1.084e-01   -1.684e-01   -1.354e+00   -1.860e-01   -7.831e-01    1.549e-01    5.249e-01    8.712e-02   -4.863e-01
97    2.729e+00    9.387e-01    5.420e+00    9.997e-01    4.693e-02   -2.308e-01   -1.343e+00    5.898e-02   -5.269e-01    6.200e-01    2.950e-01   -3.397e-02   -4.863e-01
98    2.606e+00    9.313e-01    5.163e+00    9.995e-01   -1.362e-01   -5.180e-02   -1.323e+00   -1.573e-01   -6.587e-01    5.872e-01    3.256e-01    6.622e-02   -4.863e-01
99    2.336e+00    9.118e-01    5.196e+00    9.996e-01   -2.757e-01   -4.392e-01   -1.330e+00   -1.526e-01   -4.450e-01    9.363e-01    4.719e-01    3.951e-01   -4.863e-01
100    2.472e+00    9.222e-01    4.668e+00    9.990e-01   -2.381e-01   -5.279e-01   -1.294e+00   -1.836e-01   -3.740e-01    5.323e-01    2.547e-01    7.236e-02   -4.863e-01
# LEU3
1   -6.451e-02    4.839e-01    1.815e+00    8.856e-01   -4.518e-01    3.326e-01   -4.054e-01   -3.274e-02   -4.407e-01    1.172e+00   -1.237e+00   -9.748e-01   -4.863e-01
2    4.054e-01    6.000e-01    2.172e+00    9.635e-01   -3.083e-01    1.276e-01   -3.867e-01   -2.196e-02   -5.064e-01    1.158e+00   -9.991e-01   -9.296e-01   -4.863e-01
3    1.037e+00    7.383e-01    3.064e+00    9.899e-01   -1.837e-01    3.383e-01   -6.078e-01    9.575e-02   -5.787e-01    9.152e-01   -6.463e-01   -9.551e-01   -4.863e-01
4    9.770e-01    7.265e-01    2.481e+00    9.765e-01   -3.521e-02    1.653e-01   -5.999e-01    9.587e-02   -5.376e-01    9.003e-01   -9.877e-01   -9.993e-01   -4.863e-01
5    9.177e-01    7.146e-01    2.443e+00    9.752e-01   -1.846e-01    4.443e-02   -4.435e-01    9.114e-02   -5.994e-01    8.628e-01   -9.240e-01   -9.173e-01   -4.863e-01
6    1.274e+00    7.815e-01    3.052e+00    9.898e-01    1.756e-01    3.733e-01   -6.622e-01   -1.352e-02   -5.063e-01    7.051e-01   -8.718e-01   -9.370e-01   -4.863e-01
7    1.449e+00    8.099e-01    2.873e+00    9.867e-01   -5.896e-02    6.364e-01   -7.286e-01   -1.209e-01   -6.700e-01    5.017e-01   -6.090e-01   -9.721e-01   -4.863e-01
8    2.379e+00    9.152e-01    4.230e+00    9.982e-01    2.953e-01    3.868e-01   -8.859e-01   -1.633e-01   -5.229e-01    4.283e-01    1.554e-01   -2.187e-01   -4.863e-01
9    2.408e+00    9.174e-01    4.037e+00    9.976e-01    2.082e-01    4.590e-01   -9.407e-01   -9.936e-02   -5.681e-01    4.079e-01    2.524e-01   -1.341e-01   -4.863e-01
10    1.206e+00    7.696e-01    2.755e+00    9.842e-01   -7.777e-02    9.245e-01   -7.998e-01    1.365e-01   -5.272e-01    4.174e-01   -6.527e-01   -9.647e-01   -4.863e-01
11    1.060e+00    7.428e-01    2.988e+00    9.887e-01   -1.223e-01    1.067e+00   -7.111e-01   -2.504e-01   -7.969e-01    4.911e-01   -9.053e-01   -1.039e+00   -4.863e-01
12    8.847e-01    7.078e-01    2.738e+00    9.838e-01   -1.550e-01    6.495e-01   -6.115e-01    2.810e-02   -4.516e-01    4.565e-01   -8.984e-01   -9.771e-01   -4.863e-01
13    6.265e-01    6.517e-01    2.549e+00    9.787e-01   -1.747e-01    3.663e-01   -4.446e-01    9.871e-02   -1.132e-01    3.215e-01   -9.841e-01   -1.008e+00   -4.863e-01
14    7.296e-01    6.747e-01    2.755e+00    9.839e-01   -2.500e-01    3.257e-01   -4.492e-01    1.161e-01   -1.150e-01    2.723e-02   -1.044e+00   -1.061e+00   -4.863e-01
15    1.129e+00    7.557e-01    3.089e+00    9.903e-01   -3.212e-01    3.977e-01   -4.629e-01   -7.092e-02   -3.728e-01   -1.006e-01   -8.183e-01   -1.078e+00   -4.863e-01
16    8.333e-01    6.971e-01    2.475e+00    9.763e-01   -3.222e-01    4.171e-01   -4.674e-01   -3.110e-01   -3.363e-01    5.465e-02   -1.042e+00   -1.109e+00   -4.863e-01
17    9.861e-01    7.283e-01    2.327e+00    9.707e-01   -1.708e-01    4.340e-01   -3.872e-01   -4.289e-01   -4.743e-01   -2.219e-02   -1.165e+00   -1.074e+00   -4.863e-01
18    1.236e+00    7.749e-01    2.302e+00    9.697e-01   -1.183e-01    7.643e-01   -4.394e-01   -4.175e-01   -6.288e-01   -1.531e-01   -1.010e+00   -1.106e+00   -4.863e-01
19    1.230e+00    7.738e-01    2.142e+00    9.619e-01   -2.223e-01    3.984e-01   -5.370e-01   -3.797e-01   -6.424e-01    1.060e-02   -1.133e+00   -1.199e+00   -4.863e-01
20    1.724e+00    8.486e-01    2.576e+00    9.795e-01   -6.391e-02    2.950e-01   -6.585e-01   -4.206e-01   -5.204e-01    1.635e-02   -6.648e-01   -1.017e+00   -4.863e-01
21    1.708e+00    8.466e-01    3.122e+00    9.908e-01   -8.964e-02   -2.518e-02   -5.722e-01   -2.919e-01   -6.247e-01    3.380e-03   -9.407e-01   -1.063e+00   -4.863e-01
22    1.530e+00    8.220e-01    3.240e+00    9.922e-01    1.815e-01    4.647e-01   -4.849e-01   -3.411e-01   -5.623e-01    6.673e-02   -9.626e-01   -1.077e+00   -4.863e-01
23    2.356e+00    9.134e-01    4.126e+00    9.979e-01    3.013e-01    2.138e-01   -6.168e-01   -3.818e-01   -7.678e-01    2.597e-01   -3.438e-01   -8.306e-01   -4.863e-01
24    2.859e+00    9.458e-01    5.278e+00    9.996e-01    2.983e-01    1.649e-01   -6.682e-01   -3.350e-01   -6.469e-01   -2.897e-01   -2.879e-02   -6.719e-01   -4.863e-01
25    2.436e+00    9.195e-01    4.364e+00    9.985e-01    1.756e-01    2.833e-01   -7.556e-01   -1.999e-01   -5.116e-01   -1.149e-01   -1.183e-01   -6.608e-01   -4.863e-01
26    2.314e+00    9.100e-01    3.506e+00    9.947e-01    7.342e-03    2.890e-01   -8.066e-01   -3.826e-02   -6.647e-01   -1.729e-01   -3.362e-01   -6.640e-01   -4.863e-01
27    1.192e+00    7.670e-01    2.186e+00    9.642e-01   -4.103e-01    9.041e-01   -1.033e+00    9.873e-02   -6.215e-01    2.111e-02   -9.354e-01   -1.031e+00   -4.863e-01
28    1.192e+00    7.671e-01    2.331e+00    9.709e-01   -4.222e-01    8.335e-01   -9.058e-01    7.549e-02   -5.368e-01    2.109e-01   -6.230e-01   -1.086e+00   -4.863e-01
29    2.096e+00    8.905e-01    3.578e+00    9.953e-01   -2.282e-01    1.417e+00   -9.477e-01   -4.421e-02   -6.976e-01   -7.043e-01   -2.111e-01   -9.434e-01   -4.863e-01
30    2.133e+00    8.940e-01    3.267e+00    9.925e-01   -2.124e-01    9.998e-01   -9.182e-01   -8.212e-02   -6.368e-01   -7.554e-01   -3.954e-01   -8.424e-01   -4.863e-01
31    2.051e+00    8.860e-01    3.646e+00    9.957e-01    1.251e-01    6.445e-01   -8.425e-01    1.623e-01   -3.315e-01   -8.915e-02   -1.645e-01   -7.930e-01   -4.863e-01
32    1.796e+00    8.576e-01    2.909e+00    9.874e-01   -2.599e-01    3.965e-01   -8.193e-01    3.038e-01   -4.691e-01   -1.459e-01   -3.961e-01   -8.071e-01   -4.863e-01
33    1.695e+00    8.449e-01    2.672e+00    9.822e-01   -3.519e-01    1.726e-01   -7.839e-01    4.186e-01   -2.757e-01   -3.951e-01   -5.054e-01   -7.713e-01   -4.863e-01
34    1.244e+00    7.763e-01    2.241e+00    9.669e-01   -4.914e-01   -5.279e-04   -7.357e-01    4.507e-01   -2.815e-01   -1.170e-01   -7.808e-01   -7.458e-01   -4.863e-01
35    8.357e-01    6.976e-01    2.233e+00    9.665e-01   -6.547e-01    2.943e-01   -3.932e-01    3.777e-01   -5.402e-01   -1.457e-01   -9.488e-01   -7.156e-01   -4.863e-01
36    1.040e+00    7.389e-01    2.696e+00    9.773e-01   -2.203e-01    3.080e-01   -2.401e-01    3.156e-01   -8.653e-01    5.792e-01   -8.749e-01   -8.116e-01   -4.863e-01
37    1.093e+00    7.489e-01    2.594e+00    9.733e-01   -2.747e-01    4.757e-01   -6.380e-01    2.590e-01   -7.485e-01    4.032e-01   -9.807e-01   -8.578e-01   -4.863e-01
38    1.829e+00    8.617e-01    3.279e+00    9.927e-01   -1.500e-01    5.105e-01   -7.672e-01    9.172e-02   -1.039e+00    3.259e-01   -6.724e-01   -8.936e-01   -4.863e-01
39    1.197e+00    7.680e-01    2.973e+00    9.885e-01   -1.668e-01    7.282e-01   -8.002e-01    7.073e-02   -6.044e-01    3.374e-01   -8.284e-01   -8.584e-01   -4.863e-01
40    6.760e-01    6.628e-01    1.823e+00    9.404e-01   -4.895e-01    4.192e-01   -6.312e-01    1.227e-01   -2.471e-01    3.168e-01   -7.769e-01   -7.868e-01   -4.863e-01
41    1.329e+00    7.906e-01    2.231e+00    9.493e-01   -5.063e-01    4.997e-01   -5.143e-01   -6.720e-02   -7.953e-01   -1.101e-01   -7.662e-01   -8.672e-01   -4.863e-01
42    6.466e-01    6.562e-01    2.101e+00    9.501e-01   -5.350e-01    9.717e-01   -7.489e-01   -1.129e-02   -4.334e-01    1.989e-01   -7.990e-01   -7.917e-01   -4.863e-01
43    7.387e-01    6.767e-01    1.894e+00    9.120e-01   -3.331e-01    8.468e-01   -5.533e-01   -5.020e-02   -5.344e-01    8.909e-02   -1.078e+00   -9.249e-01   -4.863e-01
44    2.365e+00    9.141e-01    4.244e+00    9.982e-01    1.637e-01   -1.076e-01   -5.344e-01   -1.225e-01   -7.024e-01    2.149e-01   -2.176e-01   -5.950e-01   -4.863e-01
45    2.304e+00    9.092e-01    4.506e+00    9.988e-01    4.438e-01   -2.183e-01   -4.556e-01    1.421e-01   -4.112e-01    1.662e-01   -3.316e-01   -6.221e-01   -4.863e-01
46    2.795e+00    9.424e-01    4.713e+00    9.991e-01    3.399e-01   -1.430e-01   -6.255e-01    3.187e-02   -7.592e-01   -1.859e-01   -4.077e-01   -8.466e-01   -4.863e-01
47    2.672e+00    9.354e-01    4.547e+00    9.989e-01    2.854e-01   -3.153e-01   -5.652e-01    2.077e-02   -6.132e-01   -1.474e-01   -3.703e-01   -8.478e-01   -4.863e-01
48    2.778e+00    9.415e-01    4.291e+00    9.983e-01    3.636e-01    3.356e-02   -5.983e-01   -1.295e-01   -6.343e-01   -5.070e-01   -4.308e-01   -8.251e-01   -4.863e-01
49    2.412e+00    9.177e-01    3.544e+00    9.950e-01    1.031e-02    2.079e-01   -7.856e-01    1.219e-02   -7.830e-01   -6.588e-01   -8.484e-01   -9.710e-01   -4.863e-01
50    2.284e+00    9.076e-01    3.477e+00    9.945e-01    9.542e-02    4.988e-01   -7.109e-01   -1.172e-02   -8.888e-01   -3.950e-01   -7.548e-01   -9.364e-01   -4.863e-01
51    2.326e+00    9.110e-01    3.880e+00    9.970e-01   -7.084e-02    2.796e-01   -7.042e-01   -1.312e-01   -7.738e-01   -1.176e-01   -2.813e-01   -8.746e-01   -4.863e-01
52    1.714e+00    8.473e-01    3.340e+00    9.933e-01   -3.054e-01    5.222e-01   -6.057e-01   -2.742e-01   -5.683e-01   -1.513e-01   -3.428e-01   -8.725e-01   -4.863e-01
53    2.001e+00    8.809e-01    3.822e+00    9.967e-01   -2.401e-01    4.396e-01   -7.793e-01   -6.554e-02   -8.666e-01    1.468e-01   -3.482e-01   -8.768e-01   -4.863e-01
54    1.783e+00    8.561e-01    3.506e+00    9.947e-01   -8.667e-02    1.453e-01   -8.338e-01    1.541e-01   -5.040e-01    4.183e-01   -4.190e-01   -9.208e-01   -4.863e-01
55    1.989e+00    8.797e-01    3.579e+00    9.953e-01   -4.907e-02    2.844e-01   -8.365e-01    6.707e-02   -7.129e-01    9.802e-02   -5.825e-01   -8.008e-01   -4.863e-01
56    2.373e+00    9.147e-01    3.556e+00    9.951e-01   -1.896e-01    1.878e-01   -7.173e-01   -1.053e-01   -8.079e-01   -2.693e-01   -2.686e-01   -6.621e-01   -4.863e-01
57    2.148e+00    8.955e-01    4.033e+00    9.976e-01   -3.004e-01    2.737e-01   -8.271e-01   -1.243e-01   -6.257e-01   -4.614e-01   -4.245e-01   -7.427e-01   -4.863e-01
58    2.491e+00    9.235e-01    4.172e+00    9.980e-01   -2.925e-01    1.172e-02   -8.287e-01   -2.134e-01   -8.946e-01   -3.689e-01   -4.099e-01   -7.291e-01   -4.863e-01
59    1.925e+00    8.727e-01    3.597e+00    9.954e-01   -1.470e-01    4.365e-01   -8.000e-01   -1.419e-02   -9.479e-01   -4.974e-02   -8.224e-01   -8.486e-01   -4.863e-01
60    1.211e+00    7.705e-01    2.600e+00    9.767e-01   -2.213e-01    4.670e-01   -6.025e-01    2.617e-02   -4.183e-01   -2.435e-01   -1.001e+00   -7.957e-01   -4.863e-01
61    8.931e-01    7.095e-01    2.220e+00    9.373e-01   -1.807e-01    3.159e-01   -5.401e-01   -3.193e-02   -3.438e-01    7.977e-02   -1.195e+00   -9.104e-01   -4.863e-01
62    1.128e+00    7.556e-01    2.400e+00    9.695e-01   -2.252e-01    1.828e-01   -3.414e-01   -2.839e-02   -4.184e-01   -2.180e-01   -1.077e+00   -8.581e-01   -4.863e-01
63    1.984e+00    8.791e-01    3.700e+00    9.960e-01    4.373e-03   -8.793e-02   -3.724e-01   -2.321e-01   -3.434e-01   -1.821e-01   -2.125e-01   -2.871e-01   -4.863e-01
64    2.149e+00    8.956e-01    2.670e+00    9.821e-01   -8.073e-02   -3.390e-01   -2.562e-01   -2.366e-01   -2.744e-01   -3.840e-01   -1.698e-02   -1.136e-01   -4.863e-01
65    5.496e-01    6.340e-01    7.467e-01    6.166e-01   -2.965e-01    3.025e-01   -5.600e-02    2.244e-01    9.045e-02    3.120e-02   -5.783e-01   -6.971e-01   -4.863e-01
66    5.330e-01    6.302e-01    1.318e+00    8.083e-01   -2.856e-01    3.957e-01    1.040e-01    3.956e-01   -2.457e-01    1.142e-01   -7.379e-01   -7.277e-01   -4.863e-01
67    5.475e-01    6.336e-01    1.604e+00    9.194e-01   -5.310e-01    5.108e-01   -3.690e-01    9.001e-02   -4.231e-01    4.499e-01   -6.823e-01   -6.644e-01   -4.863e-01
68    2.729e+00    9.387e-01    4.026e+00    9.975e-01   -9.657e-02    2.118e-01   -4.956e-01   -5.814e-02   -9.730e-01    1.838e-01    6.706e-01    2.534e-01   -4.863e-01
69    3.071e+00    9.557e-01    4.732e+00    9.991e-01   -1.114e-01   -2.469e-02   -5.373e-01   -2.865e-02   -9.859e-01    1.030e-01    8.236e-01    1.116e-01   -4.863e-01
70    3.093e+00    9.566e-01    4.700e+00    9.991e-01   -1.658e-01   -5.559e-02   -5.585e-01   -1.507e-01   -9.970e-01   -9.168e-02    7.310e-01    2.427e-01   -4.863e-01
71    1.135e+00    7.567e-01    2.074e+00    9.580e-01   -4.251e-01    5.357e-01   -4.448e-01    1.295e-01   -4.649e-01    2.497e-01   -3.322e-01   -8.114e-01   -4.863e-01
72    1.203e+00    7.691e-01    2.462e+00    9.759e-01   -3.618e-01    7.033e-01   -6.799e-01   -4.548e-03   -4.590e-01    2.886e-01   -3.806e-01   -8.675e-01   -4.863e-01
73    2.002e+00    8.810e-01    3.546e+00    9.950e-01   -3.994e-01    2.752e-01   -6.499e-01   -1.086e-01   -6.453e-01   -2.150e-01   -1.646e-01   -7.222e-01   -4.863e-01
74    2.246e+00    9.043e-01    3.729e+00    9.962e-01   -3.608e-01    2.762e-01   -6.929e-01    5.294e-02   -6.787e-01   -2.420e-01    1.685e-02   -7.285e-01   -4.863e-01
75    4.114e+00    9.839e-01    7.032e+00    1.000e+00    2.637e-01    2.261e-01   -9.302e-01   -1.578e-01   -1.206e+00   -8.309e-01    4.371e-01   -4.364e-01   -4.863e-01
76    4.051e+00    9.829e-01    7.179e+00    1.000e+00    3.181e-01    2.783e-01   -9.583e-01   -3.933e-03   -1.201e+00   -5.597e-01    5.144e-01   -5.314e-01   -4.863e-01
77    3.626e+00    9.741e-01    6.755e+00    1.000e+00    2.092e-01    1.347e-01   -1.007e+00   -4.139e-02   -1.003e+00   -1.720e-01    4.985e-01   -5.088e-01   -4.863e-01
78    3.622e+00    9.740e-01    6.467e+00    9.999e-01   -1.938e-02    1.605e-01   -9.974e-01    1.292e-01   -1.280e+00    4.435e-02    7.163e-01   -2.127e-01   -4.863e-01
79    3.362e+00    9.665e-01    5.920e+00    9.998e-01   -7.381e-02    7.044e-02   -1.005e+00    9.627e-02   -1.071e+00    2.701e-01    8.839e-01    1.697e-01   -4.863e-01
80    1.759e+00    8.530e-01    4.321e+00    9.984e-01   -5.914e-01    6.153e-01   -1.239e+00    4.176e-01   -8.569e-01    4.731e-01   -1.548e-01   -6.068e-01   -4.863e-01
81    3.907e+00    9.803e-01    6.933e+00    1.000e+00    2.637e-01   -2.203e-01   -1.217e+00   -4.781e-02   -9.744e-01    2.240e-01    9.131e-01    3.051e-01   -4.863e-01
82    2.767e+00    9.408e-01    5.818e+00    9.998e-01   -4.034e-01    2.270e-01   -1.337e+00    1.411e-01   -9.502e-01    1.315e-01    3.061e-01   -6.745e-02   -4.863e-01
83    9.476e-01    7.206e-01    3.143e+00    9.910e-01   -5.894e-01    9.571e-01   -1.291e+00    3.317e-01   -4.078e-01    3.180e-01   -5.960e-01   -4.725e-01   -4.863e-01
84    8.882e-01    7.085e-01    2.451e+00    9.755e-01   -6.300e-01    1.262e+00   -1.219e+00    2.481e-01   -5.255e-01    2.473e-01   -5.544e-01   -4.786e-01   -4.863e-01
85    1.356e+00    7.951e-01    2.799e+00    9.852e-01   -6.884e-01    1.003e+00   -1.171e+00    3.610e-01   -8.772e-01    5.985e-01   -1.225e-01   -4.227e-01   -4.863e-01
86    1.496e+00    8.170e-01    3.006e+00    9.890e-01   -6.201e-01    8.952e-01   -1.135e+00    2.789e-01   -8.518e-01    3.482e-01   -2.270e-01   -3.571e-01   -4.863e-01
87    1.692e+00    8.445e-01    3.299e+00    9.929e-01   -4.756e-01    9.865e-01   -1.155e+00    3.377e-01   -9.011e-01    2.134e-01   -2.990e-01   -5.255e-01   -4.863e-01
88    2.977e+00    9.515e-01    5.173e+00    9.995e-01   -1.470e-01    4.609e-01   -1.150e+00    1.051e-01   -1.019e+00   -3.593e-02    3.559e-01   -1.645e-01   -4.863e-01
89    3.529e+00    9.715e-01    5.668e+00    9.998e-01   -1.065e-01    3.433e-02   -1.023e+00   -5.412e-02   -9.200e-01   -3.770e-01    7.703e-01    2.801e-01   -4.863e-01
90    2.940e+00    9.498e-01    4.091e+00    9.978e-01   -2.054e-01    1.504e-01   -7.045e-01   -1.169e-01   -5.057e-01   -6.164e-01    7.221e-01    1.303e-01   -4.863e-01
91    1.146e+00    7.589e-01    1.337e+00    7.847e-01   -4.776e-01    4.995e-01   -3.817e-01    2.948e-02    1.606e-01   -5.392e-01   -7.802e-02   -5.347e-01   -4.863e-01
92    1.265e+00    7.799e-01    2.095e+00    9.592e-01   -4.419e-01    4.519e-01   -3.870e-01   -1.357e-01   -2.610e-01   -2.960e-01   -3.450e-01   -7.071e-01   -4.863e-01
93    9.678e-01    7.247e-01    2.047e+00    9.401e-01   -3.341e-01    6.570e-01   -4.704e-01    8.619e-03   -1.395e-01    5.378e-02   -3.456e-01   -6.614e-01   -4.863e-01
94    1.548e+00    8.247e-01    2.685e+00    9.717e-01   -3.578e-01    5.002e-01   -7.885e-01   -2.556e-02   -6.166e-01    1.549e-01   -4.171e-01   -6.697e-01   -4.863e-01
95    1.449e+00    8.098e-01    2.798e+00    9.845e-01   -3.272e-01    2.145e-01   -8.288e-01   -2.091e-01   -3.273e-01    1.595e-01   -4.329e-01   -4.533e-01   -4.863e-01
96    1.769e+00    8.544e-01    2.821e+00    9.856e-01   -4.350e-01    5.378e-01   -9.350e-01   -5.527e-01   -6.296e-01   -3.426e-02   -2.888e-01   -4.944e-01   -4.863e-01
97    1.999e+00    8.807e-01    3.326e+00    9.931e-01   -4.162e-01    4.673e-01   -9.813e-01   -4.806e-01   -5.570e-01    1.037e-01    7.658e-02   -5.995e-01   -4.863e-01
98    2.775e+00    9.413e-01    4.163e+00    9.980e-01   -3.786e-01    5.649e-01   -1.004e+00   -3.543e-01   -1.065e+00    1.893e-01    6.387e-01   -3.067e-01   -4.863e-01
99    1.724e+00    8.487e-01    3.043e+00    9.896e-01   -4.489e-01    9.022e-01   -1.073e+00   -2.457e-02   -8.025e-01    1.757e-01   -2.837e-01   -8.562e-01   -4.863e-01
100    1.934e+00    8.737e-01    3.405e+00    9.939e-01   -5.142e-01    7.606e-01   -1.135e+00   -3.041e-01   -7.287e-01    2.111e-02   -1.465e-01   -9.048e-01   -4.863e-01
