                     LEU0        0.85938          0.47642    
                        2          0.76562          0.50943    
                        3          0.81250          0.57547    
                        4          0.76562          0.70283    
                        5          0.76562          0.70283    
                        6          0.84375          0.74528    
                        7          0.62500          0.76415    
                        8          0.42188          0.80189    
                        9          0.42188          0.82075    
                       10          0.54688          0.86321    
                       11          0.45312          0.89151    
                       12          0.34375          0.91509    
                       13          0.34375          0.90094    
                       14          0.34375          0.90566    
                       15          0.32812          0.95755    
                       16          0.48438          0.94340    
                       17          0.42188          0.92453    
                       18          0.68750          0.88679    
                       19          0.75000          0.87264    
                       20          0.78125          0.87736    
                       21          0.78125          0.84434    
                       22          0.93750          0.79717    
                       23          0.98438          0.83962    
                       24          0.95312          0.88679    
                       25          0.96875          0.83962    
                       26          0.98438          0.88208    
                       27          0.98438          0.89151    
                       28          0.90625          0.87736    
                       29          0.84375          0.74057    
                       30          0.57812          0.79717    
                       31          0.60938          0.90094    
                       32          0.79688          0.90094    
                       33          0.70312          0.91038    
                       34          0.79688          0.91038    
                       35          0.76562          0.91981    
                       36          0.78125          0.88208    
                       37          0.78125          0.80660    
                       38          0.81250          0.73113    
                       39          0.84375          0.66981    
                       40          0.90625          0.63679    
                       41          0.90625          0.65094    
                       42          0.96875          0.70283    
                       43          1.00000          0.64623    
                       44          1.00000          0.63208    
                       45          1.00000          0.62736    
                       46          1.00000          0.68868    
                       47          1.00000          0.87736    
                       48          1.00000          0.91509    
                       49          0.90625          0.93868    
                       50          0.90625          0.99057    
                       51          0.95312          1.00000    
                       52          0.98438          0.99528    
                       53          1.00000          0.98585    
                       54          1.00000          0.96698    
                       55          0.90625          0.97642    
                       56          0.85938          0.99528    
                       57          0.84375          0.99057    
                       58          0.87500          1.00000    
                       59          0.81250          0.98113    
                       60          0.87500          0.99057    
                       61          0.96875          0.98113    
                       62          0.95312          0.95755    
                       63          0.85938          0.89623    
                       64          0.90625          0.85377    
                       65          0.90625          0.82075    
                       66          0.85938          0.80189    
                       67          0.90625          0.80660    
                       68          0.93750          0.83491    
                       69          0.92188          0.87264    
                       70          0.70312          0.91509    
                       71          0.78125          0.92453    
                       72          0.84375          0.92925    
                       73          0.71875          0.90566    
                       74          0.71875          0.87264    
                       75          0.78125          0.84434    
                       76          0.85938          0.84906    
                       77          0.92188          0.85377    
                       78          0.85938          0.91038    
                       79          0.85938          0.92453    
                       80          0.73438          0.97170    
                       81          0.79688          0.97642    
                       82          0.81250          0.99057    
                       83          0.00000          0.95755    
                       84          0.00000          0.95755    
                       85          0.65625          0.95283    
                       86          0.00000          0.92925    
                       87          0.85938          0.93868    
                       88          0.93750          0.95283    
                       89          0.64062          0.95283    
                       90          0.78125          0.96226    
                       91          0.73438          0.97170    
                       92          0.70312          0.96226    
                       93          0.81250          0.98113    
                       94          0.87500          0.99528    
                       95          0.89062          1.00000    
                       96          0.81250          0.97642    
                       97          0.71875          0.95755    
                       98          0.73438          0.97170    
                       99          0.71875          0.98113    
                      100          0.71875          0.96226    
                     LEU1        0.75000          0.33962    
                        2          0.87500          0.39151    
                        3          0.82812          0.45755    
                        4          0.85938          0.55660    
                        5          0.84375          0.64151    
                        6          0.62500          0.67453    
                        7          0.64062          0.75472    
                        8          0.67188          0.70755    
                        9          0.90625          0.68868    
                       10          0.85938          0.69811    
                       11          0.89062          0.69811    
                       12          0.85938          0.59906    
                       13          0.82812          0.57547    
                       14          0.78125          0.56132    
                       15          0.65625          0.54245    
                       16          0.67188          0.43868    
                       17          0.73438          0.46698    
                       18          0.87500          0.40094    
                       19          0.90625          0.34434    
                       20          0.90625          0.33962    
                       21          0.95312          0.30660    
                       22          0.95312          0.42925    
                       23          0.98438          0.47170    
                       24          0.92188          0.43868    
                       25          0.90625          0.45283    
                       26          0.87500          0.42925    
                       27          0.84375          0.37736    
                       28          0.87500          0.49057    
                       29          0.78125          0.45755    
                       30          0.67188          0.60849    
                       31          0.71875          0.67925    
                       32          0.79688          0.57547    
                       33          0.93750          0.45283    
                       34          0.98438          0.50943    
                       35          0.98438          0.51887    
                       36          0.78125          0.54717    
                       37          0.59375          0.49057    
                       38          0.81250          0.44811    
                       39          0.89062          0.37264    
                       40          0.87500          0.33019    
                       41          0.92188          0.43868    
                       42          0.98438          0.44811    
                       43          0.81250          0.46698    
                       44          0.79688          0.35849    
                       45          0.85938          0.40566    
                       46          1.00000          0.48585    
                       47          0.89062          0.47170    
                       48          0.92188          0.44811    
                       49          0.96875          0.52358    
                       50          0.81250          0.53774    
                       51          0.84375          0.55660    
                       52          0.82812          0.58019    
                       53          0.78125          0.53774    
                       54          0.89062          0.50472    
                       55          0.87500          0.54245    
                       56          0.93750          0.56132    
                       57          0.93750          0.57075    
                       58          0.98438          0.64623    
                       59          0.73438          0.65566    
                       60          0.79688          0.72170    
                       61          0.89062          0.70283    
                       62          0.92188          0.71698    
                       63          0.98438          0.65094    
                       64          0.98438          0.62264    
                       65          0.92188          0.61792    
                       66          0.87500          0.57547    
                       67          0.89062          0.51887    
                       68          0.92188          0.54245    
                       69          0.79688          0.53774    
                       70          0.81250          0.56604    
                       71          0.76562          0.70283    
                       72          0.75000          0.68396    
                       73          0.71875          0.73585    
                       74          0.76562          0.73585    
                       75          0.76562          0.73113    
                       76          0.64062          0.65566    
                       77          0.84375          0.64623    
                       78          0.85938          0.56132    
                       79          0.93750          0.52830    
                       80          0.95312          0.50000    
                       81          0.96875          0.55660    
                       82          0.92188          0.66981    
                       83          0.87500          0.66981    
                       84          0.60938          0.70283    
                       85          0.65625          0.77830    
                       86          0.84375          0.78774    
                       87          0.98438          0.73585    
                       88          0.98438          0.75000    
                       89          0.93750          0.76887    
                       90          0.84375          0.70755    
                       91          0.87500          0.71226    
                       92          0.93750          0.75000    
                       93          0.89062          0.78774    
                       94          0.89062          0.66038    
                       95          0.87500          0.55189    
                       96          0.76562          0.55189    
                       97          0.73438          0.66038    
                       98          0.65625          0.78302    
                       99          0.54688          0.80660    
                      100          0.62500          0.81132    
                     LEU2        0.92188          0.27358    
                        2          0.89062          0.33491    
                        3          0.93750          0.42453    
                        4          0.92188          0.55189    
                        5          0.75000          0.53302    
                        6          0.82812          0.55189    
                        7          0.84375          0.54717    
                        8          0.90625          0.53774    
                        9          1.00000          0.53774    
                       10          1.00000          0.50472    
                       11          0.96875          0.55660    
                       12          0.96875          0.55660    
                       13          0.87500          0.55660    
                       14          0.87500          0.55189    
                       15          0.90625          0.63679    
                       16          0.87500          0.64623    
                       17          0.90625          0.61321    
                       18          0.93750          0.65566    
                       19          0.89062          0.75943    
                       20          0.96875          0.76415    
                       21          0.96875          0.74528    
                       22          0.98438          0.75472    
                       23          0.98438          0.81132    
                       24          1.00000          0.82075    
                       25          1.00000          0.86792    
                       26          0.93750          0.91981    
                       27          1.00000          0.86792    
                       28          1.00000          0.75000    
                       29          0.79688          0.73585    
                       30          0.96875          0.64151    
                       31          0.96875          0.61321    
                       32          1.00000          0.64623    
                       33          0.98438          0.66981    
                       34          1.00000          0.66509    
                       35          1.00000          0.66509    
                       36          1.00000          0.62264    
                       37          0.90625          0.62264    
                       38          0.87500          0.50000    
                       39          0.87500          0.43868    
                       40          0.90625          0.36792    
                       41          0.96875          0.27358    
                       42          0.93750          0.33019    
                       43          0.96875          0.37736    
                       44          1.00000          0.39151    
                       45          0.98438          0.45283    
                       46          0.95312          0.50000    
                       47          0.78125          0.62264    
                       48          0.98438          0.57075    
                       49          0.96875          0.51887    
                       50          0.93750          0.52830    
                       51          0.95312          0.71698    
                       52          0.95312          0.78302    
                       53          0.95312          0.83019    
                       54          0.89062          0.85849    
                       55          0.85938          0.84906    
                       56          0.82812          0.82075    
                       57          0.82812          0.76887    
                       58          0.95312          0.78774    
                       59          1.00000          0.77358    
                       60          1.00000          0.72642    
                       61          0.92188          0.69811    
                       62          0.95312          0.70755    
                       63          0.98438          0.60377    
                       64          0.98438          0.51887    
                       65          0.95312          0.48113    
                       66          0.96875          0.48585    
                       67          0.85938          0.36321    
                       68          0.90625          0.40566    
                       69          0.96875          0.46698    
                       70          0.98438          0.37736    
                       71          0.98438          0.35377    
                       72          0.93750          0.47642    
                       73          0.82812          0.61321    
                       74          0.93750          0.75472    
                       75          0.92188          0.77358    
                       76          0.84375          0.68396    
                       77          0.89062          0.58019    
                       78          0.93750          0.60849    
                       79          0.81250          0.58019    
                       80          0.67188          0.65566    
                       81          0.68750          0.67453    
                       82          0.76562          0.70755    
                       83          0.70312          0.72642    
                       84          0.68750          0.68868    
                       85          0.78125          0.68396    
                       86          0.87500          0.63208    
                       87          0.93750          0.62264    
                       88          1.00000          0.61321    
                       89          0.92188          0.71226    
                       90          0.96875          0.75000    
                       91          1.00000          0.76887    
                       92          0.96875          0.83491    
                       93          0.98438          0.80660    
                       94          0.95312          0.78302    
                       95          1.00000          0.79717    
                       96          0.87500          0.66981    
                       97          0.81250          0.53302    
                       98          0.90625          0.67453    
                       99          0.89062          0.75943    
                      100          0.87500          0.77830    
                     LEU3        0.82812          0.63679    
                        2          0.79688          0.58491    
                        3          0.82812          0.62264    
                        4          0.87500          0.69340    
                        5          0.78125          0.77830    
                        6          0.76562          0.87264    
                        7          0.92188          0.87736    
                        8          1.00000          0.80660    
                        9          0.89062          0.77358    
                       10          0.89062          0.66981    
                       11          0.92188          0.71698    
                       12          0.90625          0.70283    
                       13          0.92188          0.75943    
                       14          0.93750          0.75000    
                       15          0.93750          0.80189    
                       16          0.90625          0.79245    
                       17          0.79688          0.79245    
                       18          0.85938          0.80660    
                       19          0.93750          0.80660    
                       20          0.93750          0.83491    
                       21          1.00000          0.83962    
                       22          0.92188          0.80660    
                       23          0.92188          0.81604    
                       24          0.84375          0.80189    
                       25          0.85938          0.83019    
                       26          0.79688          0.91981    
                       27          0.78125          0.90566    
                       28          0.79688          0.94340    
                       29          0.76562          0.93868    
                       30          0.79688          0.96226    
                       31          0.85938          0.94811    
                       32          0.68750          0.96226    
                       33          0.73438          0.98113    
                       34          0.78125          0.93396    
                       35          0.85938          0.87264    
                       36          0.93750          0.73585    
                       37          0.84375          0.72642    
                       38          0.84375          0.74528    
                       39          0.89062          0.85849    
                       40          0.90625          0.82547    
                       41          0.98438          0.84434    
                       42          0.96875          0.80189    
                       43          0.93750          0.81604    
                       44          0.98438          0.74057    
                       45          0.95312          0.77358    
                       46          0.81250          0.75943    
                       47          0.87500          0.77358    
                       48          0.87500          0.87264    
                       49          0.89062          0.95283    
                       50          0.79688          0.98585    
                       51          0.81250          1.00000    
                       52          0.96875          0.99528    
                       53          0.96875          0.98585    
                       54          0.95312          0.99057    
                       55          0.93750          0.98585    
                       56          0.84375          0.99057    
                       57          0.75000          0.97170    
                       58          0.51562          0.95283    
                       59          0.56250          0.93396    
                       60          0.62500          0.91509    
                       61          0.78125          0.89623    
                       62          0.89062          0.89151    
                       63          0.96875          0.87736    
                       64          0.92188          0.84906    
                       65          0.92188          0.85849    
                       66          0.90625          0.82547    
                       67          0.95312          0.84434    
                       68          1.00000          0.83019    
                       69          0.95312          0.87736    
                       70          0.95312          0.89151    
                       71          0.93750          0.90094    
                       72          0.95312          0.84434    
                       73          0.98438          0.91509    
                       74          1.00000          0.90094    
                       75          0.98438          0.93396    
                       76          0.98438          0.92925    
                       77          0.98438          0.94340    
                       78          1.00000          0.92925    
                       79          0.96875          0.87736    
                       80          0.90625          0.84434    
                       81          0.90625          0.85377    
                       82          0.78125          0.87264    
                       83          0.92188          0.89623    
                       84          0.90625          0.87736    
                       85          0.93750          0.86321    
                       86          0.92188          0.68868    
                       87          0.92188          0.68396    
                       88          0.98438          0.71226    
                       89          0.98438          0.74057    
                       90          0.98438          0.75472    
                       91          0.87500          0.77830    
                       92          0.87500          0.89623    
                       93          0.95312          0.96698    
                       94          0.92188          0.99057    
                       95          0.92188          1.00000    
                       96          0.92188          0.99528    
                       97          0.93750          1.00000    
                       98          0.96875          0.97642    
                       99          1.00000          0.91038    
                      100          1.00000          0.93868    
