                     LEU0        0.48837          0.89286    
                        2          0.38372          0.83929    
                        3          0.33721          0.76786    
                        4          0.32558          0.78571    
                        5          0.33721          0.51786    
                        6          0.39535          0.62500    
                        7          0.30233          0.76786    
                        8          0.33721          0.67857    
                        9          0.27907          0.48214    
                       10          0.33721          0.39286    
                       11          0.25581          0.32143    
                       12          0.22093          0.30357    
                       13          0.31395          0.28571    
                       14          0.19767          0.21429    
                       15          0.30233          0.33929    
                       16          0.16279          0.19643    
                       17          0.15116          0.28571    
                       18          0.09302          0.35714    
                       19          0.15116          0.44643    
                       20          0.10465          0.53571    
                       21          0.13953          0.44643    
                       22          0.09302          0.46429    
                       23          0.13953          0.37500    
                       24          0.18605          0.42857    
                       25          0.15116          0.33929    
                       26          0.13953          0.42857    
                       27          0.08140          0.44643    
                       28          0.05814          0.39286    
                       29          0.06977          0.41071    
                       30          0.03488          0.41071    
                       31          0.03488          0.37500    
                       32          0.01163          0.30357    
                       33          0.02326          0.41071    
                       34          0.00000          0.42857    
                       35          0.00000          0.53571    
                       36          0.00000          0.51786    
                       37          0.00000          0.62500    
                       38          0.00000          0.58929    
                       39          0.00000          0.57143    
                       40          0.00000          0.67857    
                       41          0.00000          0.53571    
                       42          0.00000          0.53571    
                       43          0.00000          0.64286    
                       44          0.00000          0.58929    
                       45          0.00000          0.53571    
                       46          0.02326          0.50000    
                       47          0.03488          0.30357    
                       48          0.03488          0.19643    
                       49          0.01163          0.17857    
                       50          0.01163          0.19643    
                       51          0.01163          0.25000    
                       52          0.01163          0.17857    
                       53          0.01163          0.16071    
                       54          0.02326          0.08929    
                       55          0.08140          0.05357    
                       56          0.12791          0.03571    
                       57          0.06977          0.05357    
                       58          0.08140          0.00000    
                       59          0.10465          0.01786    
                       60          0.10465          0.01786    
                       61          0.15116          0.03571    
                       62          0.10465          0.00000    
                       63          0.01163          0.00000    
                       64          0.01163          0.00000    
                       65          0.24419          0.00000    
                       66          0.24419          0.00000    
                       67          0.37209          0.00000    
                       68          0.39535          0.00000    
                       69          0.05814          0.00000    
                       70          0.01163          0.00000    
                       71          0.30233          0.01786    
                       72          0.36047          0.00000    
                       73          0.32558          0.00000    
                       74          0.36047          0.00000    
                       75          0.31395          0.05357    
                       76          0.31395          0.07143    
                       77          0.27907          0.07143    
                       78          0.30233          0.05357    
                       79          0.31395          0.07143    
                       80          0.27907          0.12500    
                       81          0.33721          0.14286    
                       82          0.25581          0.12500    
                       83          0.29070          0.14286    
                       84          0.29070          0.10714    
                       85          0.24419          0.12500    
                       86          0.24419          0.07143    
                       87          0.26744          0.03571    
                       88          0.17442          0.05357    
                       89          0.20930          0.19643    
                       90          0.33721          0.08929    
                       91          0.15116          0.08929    
                       92          0.13953          0.03571    
                       93          0.13953          0.07143    
                       94          0.12791          0.07143    
                       95          0.05814          0.08929    
                       96          0.10465          0.08929    
                       97          0.13953          0.12500    
                       98          0.08140          0.16071    
                       99          0.01163          0.14286    
                      100          0.01163          0.17857    
                     LEU1        0.67442          0.07143    
                        2          0.69767          0.14286    
                        3          0.65116          0.25000    
                        4          0.63953          0.26786    
                        5          0.52326          0.05357    
                        6          0.53488          0.05357    
                        7          0.61628          0.01786    
                        8          0.61628          0.01786    
                        9          0.56977          0.03571    
                       10          0.55814          0.08929    
                       11          0.55814          0.23214    
                       12          0.55814          0.14286    
                       13          0.50000          0.12500    
                       14          0.46512          0.05357    
                       15          0.41860          0.10714    
                       16          0.39535          0.07143    
                       17          0.47674          0.10714    
                       18          0.38372          0.26786    
                       19          0.30233          0.21429    
                       20          0.26744          0.19643    
                       21          0.24419          0.21429    
                       22          0.29070          0.26786    
                       23          0.26744          0.26786    
                       24          0.24419          0.21429    
                       25          0.22093          0.16071    
                       26          0.25581          0.16071    
                       27          0.32558          0.08929    
                       28          0.30233          0.03571    
                       29          0.36047          0.08929    
                       30          0.33721          0.10714    
                       31          0.38372          0.19643    
                       32          0.40698          0.03571    
                       33          0.39535          0.10714    
                       34          0.37209          0.01786    
                       35          0.27907          0.01786    
                       36          0.26744          0.03571    
                       37          0.34884          0.00000    
                       38          0.26744          0.00000    
                       39          0.31395          0.00000    
                       40          0.27907          0.03571    
                       41          0.29070          0.05357    
                       42          0.23256          0.00000    
                       43          0.16279          0.00000    
                       44          0.23256          0.00000    
                       45          0.26744          0.00000    
                       46          0.31395          0.00000    
                       47          0.30233          0.00000    
                       48          0.23256          0.00000    
                       49          0.22093          0.00000    
                       50          0.19767          0.00000    
                       51          0.17442          0.00000    
                       52          0.13953          0.00000    
                       53          0.12791          0.01786    
                       54          0.16279          0.01786    
                       55          0.23256          0.01786    
                       56          0.22093          0.00000    
                       57          0.29070          0.00000    
                       58          0.27907          0.00000    
                       59          0.19767          0.00000    
                       60          0.22093          0.00000    
                       61          0.18605          0.00000    
                       62          0.12791          0.00000    
                       63          0.17442          0.03571    
                       64          0.16279          0.07143    
                       65          0.20930          0.01786    
                       66          0.20930          0.07143    
                       67          0.13953          0.08929    
                       68          0.12791          0.07143    
                       69          0.10465          0.07143    
                       70          0.11628          0.00000    
                       71          0.10465          0.00000    
                       72          0.12791          0.00000    
                       73          0.15116          0.00000    
                       74          0.09302          0.00000    
                       75          0.05814          0.00000    
                       76          0.03488          0.07143    
                       77          0.04651          0.08929    
                       78          0.04651          0.19643    
                       79          0.12791          0.01786    
                       80          0.15116          0.00000    
                       81          0.18605          0.00000    
                       82          0.18605          0.00000    
                       83          0.11628          0.00000    
                       84          0.11628          0.00000    
                       85          0.11628          0.00000    
                       86          0.15116          0.00000    
                       87          0.09302          0.01786    
                       88          0.09302          0.01786    
                       89          0.11628          0.05357    
                       90          0.20930          0.01786    
                       91          0.20930          0.08929    
                       92          0.20930          0.19643    
                       93          0.16279          0.26786    
                       94          0.22093          0.28571    
                       95          0.33721          0.19643    
                       96          0.40698          0.37500    
                       97          0.46512          0.42857    
                       98          0.55814          0.10714    
                       99          0.74419          0.19643    
                      100          0.75581          0.00000    
                     LEU2        0.68605          0.73214    
                        2          0.72093          0.67857    
                        3          0.65116          0.51786    
                        4          0.63953          0.48214    
                        5          0.62791          0.19643    
                        6          0.55814          0.08929    
                        7          0.68605          0.07143    
                        8          0.61628          0.12500    
                        9          0.52326          0.08929    
                       10          0.53488          0.05357    
                       11          0.51163          0.01786    
                       12          0.50000          0.01786    
                       13          0.55814          0.07143    
                       14          0.59302          0.07143    
                       15          0.58140          0.08929    
                       16          0.48837          0.05357    
                       17          0.43023          0.07143    
                       18          0.30233          0.08929    
                       19          0.25581          0.17857    
                       20          0.24419          0.19643    
                       21          0.29070          0.21429    
                       22          0.26744          0.08929    
                       23          0.30233          0.07143    
                       24          0.26744          0.07143    
                       25          0.26744          0.19643    
                       26          0.23256          0.16071    
                       27          0.19767          0.16071    
                       28          0.24419          0.16071    
                       29          0.18605          0.30357    
                       30          0.06977          0.32143    
                       31          0.15116          0.25000    
                       32          0.11628          0.12500    
                       33          0.24419          0.25000    
                       34          0.24419          0.16071    
                       35          0.29070          0.30357    
                       36          0.34884          0.26786    
                       37          0.25581          0.23214    
                       38          0.22093          0.10714    
                       39          0.13953          0.35714    
                       40          0.08140          0.30357    
                       41          0.08140          0.30357    
                       42          0.10465          0.26786    
                       43          0.13953          0.32143    
                       44          0.08140          0.39286    
                       45          0.03488          0.30357    
                       46          0.05814          0.30357    
                       47          0.05814          0.32143    
                       48          0.08140          0.32143    
                       49          0.06977          0.46429    
                       50          0.06977          0.39286    
                       51          0.08140          0.55357    
                       52          0.09302          0.60714    
                       53          0.10465          0.67857    
                       54          0.09302          0.62500    
                       55          0.04651          0.69643    
                       56          0.04651          0.69643    
                       57          0.05814          0.82143    
                       58          0.05814          0.83929    
                       59          0.08140          0.83929    
                       60          0.05814          0.83929    
                       61          0.05814          0.83929    
                       62          0.05814          0.83929    
                       63          0.09302          0.78571    
                       64          0.10465          0.82143    
                       65          0.06977          0.83929    
                       66          0.09302          0.80357    
                       67          0.11628          0.78571    
                       68          0.12791          0.75000    
                       69          0.12791          0.76786    
                       70          0.10465          0.91071    
                       71          0.32558          0.92857    
                       72          0.20930          0.73214    
                       73          0.70930          0.58929    
                       74          0.72093          0.75000    
                       75          0.72093          0.66071    
                       76          0.67442          0.75000    
                       77          0.54651          0.76786    
                       78          0.39535          0.82143    
                       79          0.32558          0.80357    
                       80          0.29070          0.76786    
                       81          0.33721          0.76786    
                       82          0.58140          0.85714    
                       83          0.61628          0.73214    
                       84          0.62791          0.71429    
                       85          0.61628          0.76786    
                       86          0.05814          0.82143    
                       87          0.05814          0.89286    
                       88          0.04651          0.91071    
                       89          0.22093          0.96429    
                       90          0.08140          0.98214    
                       91          0.06977          0.98214    
                       92          0.04651          0.96429    
                       93          0.08140          0.89286    
                       94          0.04651          0.78571    
                       95          0.10465          0.89286    
                       96          0.04651          0.89286    
                       97          0.29070          0.92857    
                       98          0.03488          0.94643    
                       99          0.04651          0.85714    
                      100          0.06977          0.85714    
                     LEU3        0.56977          0.51786    
                        2          0.63953          0.46429    
                        3          0.69767          0.35714    
                        4          0.68605          0.19643    
                        5          0.70930          0.35714    
                        6          0.59302          0.48214    
                        7          0.45349          0.58929    
                        8          0.44186          0.33929    
                        9          0.45349          0.42857    
                       10          0.44186          0.30357    
                       11          0.43023          0.32143    
                       12          0.41860          0.46429    
                       13          0.30233          0.39286    
                       14          0.27907          0.48214    
                       15          0.27907          0.42857    
                       16          0.26744          0.26786    
                       17          0.20930          0.30357    
                       18          0.18605          0.42857    
                       19          0.23256          0.26786    
                       20          0.19767          0.28571    
                       21          0.17442          0.26786    
                       22          0.29070          0.25000    
                       23          0.30233          0.32143    
                       24          0.31395          0.41071    
                       25          0.22093          0.53571    
                       26          0.29070          0.48214    
                       27          0.37209          0.46429    
                       28          0.31395          0.60714    
                       29          0.53488          0.60714    
                       30          0.45349          0.60714    
                       31          0.52326          0.50000    
                       32          0.45349          0.55357    
                       33          0.62791          0.57143    
                       34          0.53488          0.44643    
                       35          0.56977          0.23214    
                       36          0.63953          0.08929    
                       37          0.73256          0.12500    
                       38          0.63953          0.21429    
                       39          0.70930          0.23214    
                       40          0.69767          0.25000    
                       41          0.63953          0.17857    
                       42          0.69767          0.14286    
                       43          0.47674          0.17857    
                       44          0.32558          0.14286    
                       45          0.36047          0.07143    
                       46          0.44186          0.19643    
                       47          0.45349          0.19643    
                       48          0.37209          0.07143    
                       49          0.06977          0.17857    
                       50          0.18605          0.23214    
                       51          0.24419          0.28571    
                       52          0.43023          0.12500    
                       53          0.36047          0.14286    
                       54          0.29070          0.30357    
                       55          0.09302          0.14286    
                       56          0.01163          0.10714    
                       57          0.22093          0.17857    
                       58          0.29070          0.25000    
                       59          0.29070          0.16071    
                       60          0.38372          0.10714    
                       61          0.38372          0.23214    
                       62          0.18605          0.19643    
                       63          0.10465          0.17857    
                       64          0.24419          0.10714    
                       65          0.31395          0.17857    
                       66          0.41860          0.25000    
                       67          0.38372          0.12500    
                       68          0.37209          0.25000    
                       69          0.44186          0.28571    
                       70          0.51163          0.28571    
                       71          0.40698          0.32143    
                       72          0.47674          0.25000    
                       73          0.48837          0.37500    
                       74          0.33721          0.28571    
                       75          0.39535          0.28571    
                       76          0.17442          0.35714    
                       77          0.10465          0.19643    
                       78          0.13953          0.25000    
                       79          0.23256          0.26786    
                       80          0.23256          0.28571    
                       81          0.18605          0.17857    
                       82          0.17442          0.12500    
                       83          0.13953          0.17857    
                       84          0.06977          0.16071    
                       85          0.04651          0.23214    
                       86          0.04651          0.25000    
                       87          0.04651          0.25000    
                       88          0.00000          0.19643    
                       89          0.00000          0.12500    
                       90          0.00000          0.14286    
                       91          0.00000          0.08929    
                       92          0.00000          0.10714    
                       93          0.00000          0.08929    
                       94          0.05814          0.17857    
                       95          0.09302          0.14286    
                       96          0.11628          0.17857    
                       97          0.09302          0.10714    
                       98          0.10465          0.08929    
                       99          0.19767          0.05357    
                      100          0.31395          0.03571    
