# unsquashLR - drugLR - unsquashCNN - drugCNN - volume - exposure - pos-charge - neg-charge - h-donor- h-acceptor - hydrophob - aromatic - metal
0    3.359e+00    9.664e-01    4.843e+00    9.993e-01    1.924e-01   -4.509e-01   -7.107e-01   -6.485e-02   -9.700e-01   -4.137e-01   -1.309e-01   -4.504e-01   -4.863e-01
# LEU0
1    5.038e+00    9.936e-01    8.190e+00    1.000e+00    1.257e+00   -4.228e-01   -9.851e-01   -5.821e-01   -9.563e-01   -5.265e-01    4.370e-01   -6.574e-01   -4.863e-01
2    4.965e+00    9.931e-01    8.284e+00    1.000e+00    1.045e+00   -5.017e-01   -1.171e+00   -7.517e-01   -1.117e+00   -4.196e-01    2.799e-01   -6.209e-01   -4.863e-01
3    4.738e+00    9.913e-01    7.640e+00    1.000e+00    8.832e-01   -7.043e-01   -1.077e+00   -7.238e-01   -1.042e+00   -5.955e-01    9.216e-02   -4.891e-01   -4.863e-01
4    4.829e+00    9.921e-01    7.384e+00    1.000e+00    1.159e+00   -7.461e-01   -7.958e-01   -6.190e-01   -9.269e-01   -6.765e-01    1.623e-01   -5.033e-01   -4.863e-01
5    5.120e+00    9.941e-01    7.702e+00    1.000e+00    1.042e+00   -7.076e-01   -8.454e-01   -6.391e-01   -9.590e-01   -7.432e-01    6.588e-01   -1.138e-01   -4.863e-01
6    5.646e+00    9.965e-01    8.432e+00    1.000e+00    1.196e+00   -7.947e-01   -8.660e-01   -6.572e-01   -1.169e+00   -7.081e-01    8.910e-01   -4.748e-03   -4.863e-01
7    4.496e+00    9.890e-01    7.367e+00    1.000e+00    1.102e+00   -4.586e-01   -7.053e-01   -3.226e-01   -9.494e-01   -4.684e-01    2.926e-01   -2.134e-01   -4.863e-01
8    4.799e+00    9.918e-01    7.577e+00    1.000e+00    9.960e-01   -6.979e-01   -9.003e-01   -6.007e-01   -8.606e-01   -6.208e-01    4.707e-01   -1.209e-01   -4.863e-01
9    5.046e+00    9.936e-01    8.102e+00    1.000e+00    9.326e-01   -6.135e-01   -1.030e+00   -7.712e-01   -9.694e-01   -8.381e-01    5.180e-01   -6.494e-02   -4.863e-01
10    4.540e+00    9.894e-01    6.764e+00    1.000e+00    8.911e-01   -5.045e-01   -7.274e-01   -5.479e-01   -8.945e-01   -6.983e-01    4.491e-01   -6.594e-02   -4.863e-01
11    4.737e+00    9.913e-01    7.325e+00    1.000e+00    8.604e-01   -4.041e-01   -8.889e-01   -5.518e-01   -1.006e+00   -6.279e-01    6.246e-01    3.339e-02   -4.863e-01
12    4.881e+00    9.925e-01    7.283e+00    1.000e+00    9.218e-01   -4.527e-01   -9.304e-01   -6.775e-01   -8.984e-01   -7.534e-01    7.163e-01    1.570e-01   -4.863e-01
13    5.243e+00    9.947e-01    8.001e+00    1.000e+00    1.014e+00   -5.385e-01   -9.963e-01   -8.123e-01   -1.071e+00   -7.481e-01    7.525e-01    1.179e-01   -4.863e-01
14    5.311e+00    9.951e-01    8.503e+00    1.000e+00    1.002e+00   -6.904e-01   -9.873e-01   -6.270e-01   -9.295e-01   -6.418e-01    1.005e+00    6.253e-02   -4.863e-01
15    4.983e+00    9.932e-01    7.545e+00    1.000e+00    7.931e-01   -6.177e-01   -1.110e+00   -8.054e-01   -7.661e-01   -1.101e+00    5.034e-01   -2.880e-01   -4.863e-01
16    5.100e+00    9.939e-01    7.529e+00    1.000e+00    9.406e-01   -6.966e-01   -1.026e+00   -8.148e-01   -8.242e-01   -9.753e-01    5.529e-01   -1.881e-01   -4.863e-01
17    4.933e+00    9.928e-01    7.627e+00    1.000e+00    9.237e-01   -7.946e-01   -1.105e+00   -8.330e-01   -7.756e-01   -8.745e-01    3.673e-01   -1.502e-01   -4.863e-01
18    5.110e+00    9.940e-01    7.692e+00    1.000e+00    9.030e-01   -7.323e-01   -1.065e+00   -8.763e-01   -1.034e+00   -7.570e-01    5.366e-01    5.349e-02   -4.863e-01
19    5.626e+00    9.964e-01    8.414e+00    1.000e+00    1.221e+00   -9.408e-01   -1.084e+00   -1.087e+00   -1.054e+00   -5.885e-01    7.738e-01    5.160e-02   -4.863e-01
20    4.720e+00    9.912e-01    7.037e+00    1.000e+00    1.026e+00   -7.442e-01   -9.704e-01   -9.116e-01   -7.668e-01   -4.688e-01    4.639e-01   -1.023e-01   -4.863e-01
21    4.123e+00    9.841e-01    5.957e+00    9.999e-01    7.753e-01   -3.884e-01   -9.449e-01   -8.488e-01   -6.842e-01   -7.436e-01    8.155e-02   -3.091e-01   -4.863e-01
22    4.031e+00    9.826e-01    5.948e+00    9.999e-01    7.120e-01   -6.046e-01   -9.021e-01   -7.433e-01   -6.341e-01   -5.614e-01    1.303e-01   -3.293e-01   -4.863e-01
23    4.411e+00    9.880e-01    6.738e+00    1.000e+00    7.377e-01   -4.061e-01   -1.000e+00   -7.991e-01   -9.731e-01   -6.208e-01    2.109e-01   -2.873e-01   -4.863e-01
24    5.457e+00    9.958e-01    8.190e+00    1.000e+00    1.073e+00   -8.017e-01   -9.326e-01   -8.868e-01   -9.979e-01   -8.691e-01    7.893e-01    3.018e-03   -4.863e-01
25    6.353e+00    9.983e-01    9.507e+00    1.000e+00    1.270e+00   -9.065e-01   -1.104e+00   -9.742e-01   -1.042e+00   -1.105e+00    1.323e+00    2.816e-01   -4.863e-01
26    6.162e+00    9.979e-01    9.491e+00    1.000e+00    1.313e+00   -8.987e-01   -1.090e+00   -9.397e-01   -9.716e-01   -9.895e-01    1.166e+00    5.175e-02   -4.863e-01
27    6.068e+00    9.977e-01    9.832e+00    1.000e+00    1.318e+00   -8.745e-01   -9.861e-01   -1.005e+00   -1.140e+00   -6.831e-01    1.200e+00    9.393e-02   -4.863e-01
28    5.811e+00    9.970e-01    9.136e+00    1.000e+00    1.205e+00   -6.096e-01   -1.085e+00   -8.674e-01   -1.175e+00   -7.580e-01    9.907e-01    3.144e-02   -4.863e-01
29    5.863e+00    9.972e-01    8.888e+00    1.000e+00    1.149e+00   -7.598e-01   -1.083e+00   -7.304e-01   -9.699e-01   -1.025e+00    1.025e+00   -8.320e-02   -4.863e-01
30    6.220e+00    9.980e-01    9.605e+00    1.000e+00    1.159e+00   -6.567e-01   -1.079e+00   -7.588e-01   -1.159e+00   -9.574e-01    1.381e+00   -1.002e-01   -4.863e-01
31    6.126e+00    9.978e-01    9.311e+00    1.000e+00    1.115e+00   -8.176e-01   -1.131e+00   -8.565e-01   -1.278e+00   -7.720e-01    1.143e+00   -1.868e-01   -4.863e-01
32    6.335e+00    9.982e-01    9.042e+00    1.000e+00    1.261e+00   -9.422e-01   -1.060e+00   -8.922e-01   -1.074e+00   -1.084e+00    1.226e+00   -7.305e-02   -4.863e-01
33    6.650e+00    9.987e-01    9.067e+00    1.000e+00    1.236e+00   -9.489e-01   -1.154e+00   -1.059e+00   -1.182e+00   -1.256e+00    1.325e+00    1.208e-02   -4.863e-01
34    6.325e+00    9.982e-01    8.590e+00    1.000e+00    1.164e+00   -8.517e-01   -1.125e+00   -1.120e+00   -1.036e+00   -1.175e+00    1.328e+00    7.872e-02   -4.863e-01
35    6.155e+00    9.979e-01    8.295e+00    1.000e+00    1.091e+00   -9.540e-01   -1.139e+00   -1.027e+00   -9.500e-01   -1.255e+00    1.182e+00    2.157e-01   -4.863e-01
36    6.230e+00    9.980e-01    8.586e+00    1.000e+00    1.098e+00   -9.609e-01   -1.187e+00   -9.146e-01   -1.002e+00   -1.059e+00    1.326e+00    1.923e-01   -4.863e-01
37    6.175e+00    9.979e-01    9.026e+00    1.000e+00    1.222e+00   -9.532e-01   -1.170e+00   -7.894e-01   -9.647e-01   -8.210e-01    1.350e+00    1.131e-01   -4.863e-01
38    6.475e+00    9.985e-01    9.521e+00    1.000e+00    1.211e+00   -7.893e-01   -1.197e+00   -9.298e-01   -1.320e+00   -7.982e-01    1.419e+00    7.819e-03   -4.863e-01
39    6.753e+00    9.988e-01    9.977e+00    1.000e+00    1.248e+00   -6.463e-01   -1.233e+00   -9.189e-01   -1.656e+00   -6.900e-01    1.534e+00    1.594e-01   -4.863e-01
40    6.667e+00    9.987e-01    1.001e+01    1.000e+00    1.335e+00   -7.161e-01   -1.236e+00   -9.113e-01   -1.561e+00   -7.152e-01    1.372e+00    2.191e-01   -4.863e-01
41    6.498e+00    9.985e-01    1.012e+01    1.000e+00    1.524e+00   -6.193e-01   -1.058e+00   -9.138e-01   -1.370e+00   -8.911e-01    1.194e+00    7.454e-02   -4.863e-01
42    6.172e+00    9.979e-01    9.232e+00    1.000e+00    1.466e+00   -4.777e-01   -1.007e+00   -8.525e-01   -1.169e+00   -9.526e-01    1.167e+00    8.150e-02   -4.863e-01
43    6.348e+00    9.983e-01    9.444e+00    1.000e+00    1.542e+00   -7.888e-01   -1.054e+00   -8.732e-01   -1.141e+00   -9.355e-01    1.098e+00    8.205e-02   -4.863e-01
44    6.208e+00    9.980e-01    9.477e+00    1.000e+00    1.500e+00   -7.458e-01   -1.097e+00   -7.382e-01   -1.245e+00   -8.070e-01    9.466e-01    7.577e-02   -4.863e-01
45    6.705e+00    9.988e-01    1.033e+01    1.000e+00    1.666e+00   -7.786e-01   -1.146e+00   -6.836e-01   -1.526e+00   -8.156e-01    9.967e-01    5.930e-02   -4.863e-01
46    6.378e+00    9.983e-01    9.682e+00    1.000e+00    1.606e+00   -7.191e-01   -1.132e+00   -6.751e-01   -1.520e+00   -6.627e-01    8.508e-01    1.693e-01   -4.863e-01
47    6.439e+00    9.984e-01    9.534e+00    1.000e+00    1.563e+00   -6.303e-01   -1.184e+00   -6.655e-01   -1.529e+00   -9.911e-01    6.496e-01   -1.553e-01   -4.863e-01
48    6.598e+00    9.986e-01    8.774e+00    1.000e+00    1.565e+00   -4.389e-01   -1.160e+00   -7.892e-01   -1.499e+00   -1.312e+00    7.489e-01   -2.771e-01   -4.863e-01
49    6.763e+00    9.988e-01    1.036e+01    1.000e+00    1.954e+00   -6.007e-01   -1.173e+00   -6.128e-01   -1.501e+00   -7.219e-01    8.615e-01   -2.866e-01   -4.863e-01
50    6.399e+00    9.983e-01    1.003e+01    1.000e+00    1.793e+00   -6.164e-01   -1.172e+00   -7.345e-01   -1.128e+00   -6.674e-01    1.088e+00   -8.651e-02   -4.863e-01
51    6.590e+00    9.986e-01    1.083e+01    1.000e+00    1.749e+00   -5.200e-01   -1.083e+00   -7.727e-01   -1.332e+00   -8.919e-01    1.095e+00   -1.468e-01   -4.863e-01
52    6.676e+00    9.987e-01    1.060e+01    1.000e+00    1.989e+00   -5.306e-01   -1.113e+00   -7.680e-01   -1.285e+00   -8.708e-01    9.386e-01   -2.519e-01   -4.863e-01
53    6.553e+00    9.986e-01    1.075e+01    1.000e+00    1.955e+00   -6.157e-01   -1.045e+00   -7.750e-01   -1.279e+00   -7.211e-01    9.386e-01   -2.804e-01   -4.863e-01
54    6.402e+00    9.983e-01    1.079e+01    1.000e+00    1.954e+00   -5.163e-01   -9.530e-01   -7.917e-01   -1.245e+00   -6.282e-01    1.028e+00   -1.723e-01   -4.863e-01
55    6.676e+00    9.987e-01    1.120e+01    1.000e+00    1.792e+00   -5.543e-01   -1.126e+00   -9.480e-01   -1.341e+00   -9.316e-01    1.095e+00    7.807e-02   -4.863e-01
56    6.725e+00    9.988e-01    1.127e+01    1.000e+00    1.896e+00   -6.760e-01   -1.107e+00   -1.053e+00   -1.116e+00   -9.235e-01    1.249e+00    1.492e-01   -4.863e-01
57    6.633e+00    9.987e-01    1.106e+01    1.000e+00    2.226e+00   -5.693e-01   -1.117e+00   -9.738e-01   -1.049e+00   -7.253e-01    1.007e+00   -2.270e-02   -4.863e-01
58    6.211e+00    9.980e-01    9.313e+00    1.000e+00    1.614e+00   -2.152e-01   -1.184e+00   -1.017e+00   -1.229e+00   -1.301e+00    7.033e-01    2.969e-02   -4.863e-01
59    5.872e+00    9.972e-01    8.606e+00    1.000e+00    1.336e+00   -2.976e-01   -1.320e+00   -9.232e-01   -1.094e+00   -1.324e+00    5.214e-01   -1.587e-01   -4.863e-01
60    6.297e+00    9.982e-01    9.398e+00    1.000e+00    1.605e+00   -5.756e-01   -1.159e+00   -8.416e-01   -1.077e+00   -1.247e+00    7.945e-01   -1.221e-01   -4.863e-01
61    6.079e+00    9.977e-01    9.768e+00    1.000e+00    1.387e+00   -2.844e-01   -1.081e+00   -8.087e-01   -1.224e+00   -1.103e+00    9.518e-01   -2.558e-01   -4.863e-01
62    6.156e+00    9.979e-01    1.048e+01    1.000e+00    1.334e+00    1.249e-01   -1.079e+00   -9.414e-01   -1.469e+00   -1.017e+00    1.182e+00   -2.286e-01   -4.863e-01
63    5.949e+00    9.974e-01    1.014e+01    1.000e+00    1.135e+00    2.143e-01   -1.192e+00   -9.938e-01   -1.524e+00   -9.116e-01    1.135e+00   -2.358e-01   -4.863e-01
64    6.070e+00    9.977e-01    1.049e+01    1.000e+00    1.278e+00    1.795e-01   -1.202e+00   -8.505e-01   -1.472e+00   -9.667e-01    1.084e+00   -3.556e-01   -4.863e-01
65    5.394e+00    9.955e-01    9.738e+00    1.000e+00    1.149e+00    3.575e-01   -1.241e+00   -6.759e-01   -1.378e+00   -6.678e-01    8.146e-01   -3.249e-01   -4.863e-01
66    5.203e+00    9.945e-01    9.702e+00    1.000e+00    1.049e+00    7.616e-01   -1.286e+00   -5.332e-01   -1.579e+00   -6.798e-01    6.892e-01   -3.141e-01   -4.863e-01
67    4.854e+00    9.923e-01    9.421e+00    1.000e+00    1.091e+00    5.824e-01   -1.299e+00   -4.007e-01   -1.206e+00   -7.115e-01    4.364e-01   -4.497e-01   -4.863e-01
68    4.935e+00    9.929e-01    8.982e+00    1.000e+00    1.019e+00    5.584e-01   -1.291e+00   -6.112e-01   -1.066e+00   -9.375e-01    5.984e-01   -4.078e-01   -4.863e-01
69    4.391e+00    9.878e-01    7.800e+00    1.000e+00    8.099e-01    5.294e-01   -1.289e+00   -5.411e-01   -8.182e-01   -8.159e-01    5.188e-01   -3.685e-01   -4.863e-01
70    3.849e+00    9.791e-01    7.422e+00    1.000e+00    8.178e-01    6.285e-01   -1.314e+00   -5.070e-01   -6.760e-01   -5.636e-01    2.039e-01   -4.572e-01   -4.863e-01
71    5.047e+00    9.936e-01    9.336e+00    1.000e+00    1.039e+00    4.152e-01   -1.335e+00   -6.561e-01   -1.130e+00   -6.827e-01    7.529e-01   -2.353e-01   -4.863e-01
72    5.184e+00    9.944e-01    9.472e+00    1.000e+00    1.130e+00    2.499e-01   -1.345e+00   -6.860e-01   -1.198e+00   -5.358e-01    7.721e-01   -9.186e-02   -4.863e-01
73    4.670e+00    9.907e-01    7.981e+00    1.000e+00    8.584e-01    7.714e-02   -1.274e+00   -1.014e+00   -1.004e+00   -3.592e-01    7.730e-01    1.506e-01   -4.863e-01
74    4.556e+00    9.896e-01    8.441e+00    1.000e+00    9.039e-01    6.959e-02   -1.242e+00   -9.197e-01   -1.066e+00   -2.453e-01    5.598e-01   -1.038e-01   -4.863e-01
75    4.879e+00    9.925e-01    8.355e+00    1.000e+00    8.921e-01   -9.416e-03   -1.274e+00   -9.616e-01   -1.036e+00   -4.138e-01    7.825e-01   -2.222e-01   -4.863e-01
76    4.684e+00    9.908e-01    7.208e+00    1.000e+00    8.921e-01    1.447e-01   -1.296e+00   -1.031e+00   -8.094e-01   -9.576e-01    3.952e-01   -4.105e-01   -4.863e-01
77    4.693e+00    9.909e-01    7.011e+00    1.000e+00    7.733e-01    1.324e-01   -1.356e+00   -8.853e-01   -9.415e-01   -1.069e+00    2.189e-01   -5.562e-01   -4.863e-01
78    4.918e+00    9.927e-01    8.137e+00    1.000e+00    9.099e-01    2.217e-01   -1.355e+00   -6.931e-01   -1.073e+00   -8.256e-01    4.556e-01   -5.934e-01   -4.863e-01
79    4.282e+00    9.864e-01    7.205e+00    1.000e+00    9.000e-01    3.653e-01   -1.346e+00   -5.292e-01   -8.129e-01   -6.751e-01    1.533e-01   -7.098e-01   -4.863e-01
80    4.444e+00    9.884e-01    6.955e+00    1.000e+00    7.466e-01    3.993e-01   -1.327e+00   -5.554e-01   -9.372e-01   -8.842e-01    3.128e-01   -5.195e-01   -4.863e-01
81    3.860e+00    9.794e-01    6.707e+00    1.000e+00    7.030e-01    8.180e-01   -1.275e+00   -6.358e-01   -6.082e-01   -7.118e-01    4.699e-01   -4.616e-01   -4.863e-01
82    3.881e+00    9.798e-01    6.331e+00    9.999e-01    6.397e-01    8.269e-01   -1.259e+00   -8.745e-01   -7.868e-01   -6.259e-01    4.765e-01   -3.086e-01   -4.863e-01
83    4.157e+00    9.846e-01    6.295e+00    9.999e-01    5.694e-01    5.386e-01   -1.260e+00   -9.522e-01   -8.601e-01   -7.183e-01    5.614e-01   -2.810e-01   -4.863e-01
84    4.181e+00    9.849e-01    7.083e+00    1.000e+00    6.506e-01    6.902e-01   -1.278e+00   -8.975e-01   -9.166e-01   -5.133e-01    6.884e-01   -2.834e-01   -4.863e-01
85    4.511e+00    9.891e-01    7.358e+00    1.000e+00    7.327e-01    5.110e-01   -1.258e+00   -1.005e+00   -9.758e-01   -7.486e-01    6.810e-01   -1.392e-01   -4.863e-01
86    4.293e+00    9.865e-01    6.563e+00    9.999e-01    7.308e-01    1.916e-01   -1.329e+00   -9.410e-01   -7.357e-01   -5.996e-01    5.335e-01   -9.207e-02   -4.863e-01
87    4.219e+00    9.855e-01    6.733e+00    1.000e+00    8.258e-01    4.831e-01   -1.329e+00   -9.796e-01   -6.762e-01   -7.229e-01    5.071e-01   -3.616e-02   -4.863e-01
88    4.153e+00    9.845e-01    6.625e+00    9.999e-01    9.049e-01    5.213e-01   -1.330e+00   -8.522e-01   -7.293e-01   -6.485e-01    3.229e-01   -1.842e-01   -4.863e-01
89    4.868e+00    9.924e-01    7.562e+00    1.000e+00    1.111e+00    3.017e-01   -1.354e+00   -8.513e-01   -8.891e-01   -7.359e-01    6.080e-01   -6.352e-02   -4.863e-01
90    4.698e+00    9.910e-01    6.957e+00    1.000e+00    9.326e-01    5.423e-01   -1.355e+00   -8.540e-01   -1.124e+00   -6.959e-01    4.774e-01   -2.560e-01   -4.863e-01
91    5.813e+00    9.970e-01    9.519e+00    1.000e+00    1.262e+00   -1.885e-03   -1.353e+00   -9.644e-01   -1.088e+00   -1.053e+00    9.557e-01   -6.519e-02   -4.863e-01
92    5.557e+00    9.962e-01    9.848e+00    1.000e+00    1.042e+00    4.742e-01   -1.341e+00   -1.023e+00   -1.111e+00   -1.133e+00    1.181e+00    1.674e-01   -4.863e-01
93    5.411e+00    9.956e-01    9.446e+00    1.000e+00    9.970e-01    3.265e-01   -1.305e+00   -1.043e+00   -9.991e-01   -1.037e+00    1.176e+00    1.598e-01   -4.863e-01
94    5.104e+00    9.940e-01    8.954e+00    1.000e+00    1.033e+00    5.023e-01   -1.309e+00   -1.106e+00   -8.652e-01   -9.325e-01    1.106e+00    2.248e-01   -4.863e-01
95    5.324e+00    9.951e-01    9.390e+00    1.000e+00    8.940e-01    3.811e-01   -1.314e+00   -8.392e-01   -1.293e+00   -9.311e-01    9.518e-01    9.465e-02   -4.863e-01
96    5.599e+00    9.963e-01    9.582e+00    1.000e+00    9.218e-01    4.260e-01   -1.327e+00   -8.932e-01   -1.373e+00   -1.074e+00    1.070e+00    2.171e-02   -4.863e-01
97    5.949e+00    9.974e-01    1.013e+01    1.000e+00    9.604e-01    3.394e-01   -1.309e+00   -1.046e+00   -1.288e+00   -1.386e+00    1.260e+00   -5.147e-02   -4.863e-01
98    5.823e+00    9.971e-01    1.004e+01    1.000e+00    9.109e-01    3.997e-01   -1.312e+00   -1.057e+00   -1.312e+00   -1.485e+00    1.076e+00   -8.675e-02   -4.863e-01
99    5.652e+00    9.965e-01    9.416e+00    1.000e+00    1.058e+00    3.065e-01   -1.166e+00   -1.132e+00   -1.050e+00   -1.510e+00    1.035e+00   -1.609e-02   -4.863e-01
100    5.538e+00    9.961e-01    9.477e+00    1.000e+00    1.123e+00    5.345e-01   -1.109e+00   -1.032e+00   -1.118e+00   -1.276e+00    1.115e+00   -9.177e-02   -4.863e-01
# LEU1
1    5.381e+00    9.954e-01    8.470e+00    1.000e+00    9.702e-01    1.678e-01   -1.051e+00   -3.863e-01   -1.837e+00   -5.155e-01    6.381e-01   -3.300e-01   -4.863e-01
2    5.017e+00    9.934e-01    7.925e+00    1.000e+00    8.258e-01    2.764e-01   -1.042e+00   -3.554e-01   -1.740e+00   -4.825e-01    5.358e-01   -4.400e-01   -4.863e-01
3    4.735e+00    9.913e-01    7.437e+00    1.000e+00    6.813e-01    3.063e-01   -1.245e+00   -6.388e-01   -1.579e+00   -4.639e-01    3.876e-01   -4.013e-01   -4.863e-01
4    4.936e+00    9.929e-01    7.709e+00    1.000e+00    8.584e-01    2.492e-01   -1.133e+00   -7.049e-01   -1.653e+00   -4.916e-01    3.815e-01   -4.022e-01   -4.863e-01
5    4.836e+00    9.921e-01    7.758e+00    1.000e+00    1.026e+00    4.313e-01   -8.900e-01   -7.413e-01   -1.479e+00   -6.895e-01    3.925e-01   -5.475e-01   -4.863e-01
6    5.556e+00    9.962e-01    8.891e+00    1.000e+00    1.219e+00    5.669e-02   -9.704e-01   -6.968e-01   -1.663e+00   -6.764e-01    5.822e-01   -5.057e-01   -4.863e-01
7    5.777e+00    9.969e-01    8.457e+00    1.000e+00    1.030e+00    2.143e-03   -1.034e+00   -9.818e-01   -1.554e+00   -1.023e+00    9.184e-01   -1.390e-01   -4.863e-01
8    5.721e+00    9.967e-01    8.576e+00    1.000e+00    8.277e-01    2.141e-01   -1.097e+00   -9.392e-01   -1.635e+00   -1.047e+00    1.015e+00   -3.682e-01   -4.863e-01
9    5.712e+00    9.967e-01    9.487e+00    1.000e+00    1.173e+00   -1.331e-01   -1.082e+00   -8.392e-01   -1.587e+00   -6.896e-01    7.445e-01   -2.451e-01   -4.863e-01
10    5.529e+00    9.960e-01    9.005e+00    1.000e+00    9.544e-01   -4.118e-02   -1.220e+00   -7.226e-01   -1.526e+00   -7.829e-01    7.263e-01   -1.810e-01   -4.863e-01
11    5.550e+00    9.961e-01    8.577e+00    1.000e+00    9.613e-01   -5.319e-02   -9.680e-01   -7.243e-01   -1.559e+00   -9.512e-01    7.571e-01   -2.650e-01   -4.863e-01
12    5.566e+00    9.962e-01    8.486e+00    1.000e+00    8.911e-01   -1.262e-01   -9.746e-01   -5.623e-01   -1.565e+00   -8.483e-01    8.782e-01   -3.122e-01   -4.863e-01
13    4.857e+00    9.923e-01    7.306e+00    1.000e+00    8.812e-01    3.894e-01   -1.034e+00   -4.276e-01   -1.434e+00   -6.830e-01    5.366e-01   -4.458e-01   -4.863e-01
14    4.986e+00    9.932e-01    7.116e+00    1.000e+00    7.812e-01    7.878e-02   -1.134e+00   -4.210e-01   -1.609e+00   -6.311e-01    3.819e-01   -3.540e-01   -4.863e-01
15    5.095e+00    9.939e-01    7.033e+00    1.000e+00    6.763e-01    1.186e-01   -1.009e+00   -6.625e-01   -1.611e+00   -8.738e-01    5.693e-01   -3.640e-01   -4.863e-01
16    3.908e+00    9.803e-01    5.907e+00    9.998e-01    3.161e-01    5.219e-01   -1.017e+00   -4.640e-01   -1.471e+00   -5.968e-01    1.539e-02   -8.256e-01   -4.863e-01
17    3.590e+00    9.732e-01    6.084e+00    9.999e-01    5.932e-01    1.059e+00   -9.778e-01   -2.431e-01   -1.521e+00   -2.988e-01   -1.332e-01   -8.519e-01   -4.863e-01
18    4.162e+00    9.847e-01    6.023e+00    9.999e-01    5.863e-01    2.806e-01   -9.485e-01   -2.074e-01   -1.574e+00   -5.022e-01   -1.165e-01   -8.377e-01   -4.863e-01
19    4.048e+00    9.828e-01    6.428e+00    9.999e-01    2.805e-01    5.677e-01   -8.037e-01   -2.128e-01   -1.770e+00   -6.679e-01    4.100e-02   -8.933e-01   -4.863e-01
20    4.119e+00    9.840e-01    6.928e+00    1.000e+00    4.616e-01    3.619e-01   -7.059e-01   -1.684e-02   -1.736e+00   -3.951e-01    1.693e-01   -7.179e-01   -4.863e-01
21    4.227e+00    9.856e-01    6.627e+00    9.999e-01    5.546e-01    1.486e-01   -7.908e-01   -1.362e-01   -1.695e+00   -2.723e-01    1.252e-01   -7.044e-01   -4.863e-01
22    4.349e+00    9.872e-01    7.547e+00    1.000e+00    7.139e-01    4.831e-01   -8.722e-01   -2.122e-01   -1.811e+00   -3.884e-01    9.392e-03   -7.740e-01   -4.863e-01
23    4.340e+00    9.871e-01    7.299e+00    1.000e+00    8.070e-01    4.413e-01   -8.247e-01   -3.395e-01   -1.691e+00   -3.693e-01    3.927e-02   -8.099e-01   -4.863e-01
24    4.219e+00    9.855e-01    6.329e+00    9.999e-01    6.348e-01    3.722e-01   -9.374e-01   -2.092e-01   -1.717e+00   -4.127e-01   -1.359e-01   -9.035e-01   -4.863e-01
25    4.194e+00    9.851e-01    5.830e+00    9.998e-01    5.714e-01    4.511e-01   -8.729e-01   -6.403e-02   -1.653e+00   -7.043e-01   -1.433e-01   -9.173e-01   -4.863e-01
26    4.313e+00    9.868e-01    6.332e+00    9.999e-01    5.744e-01    4.029e-01   -1.005e+00   -1.860e-02   -1.679e+00   -6.224e-01   -9.179e-02   -8.867e-01   -4.863e-01
27    4.340e+00    9.871e-01    6.981e+00    1.000e+00    4.952e-01    9.074e-01   -1.083e+00   -4.397e-02   -1.857e+00   -7.542e-01    2.001e-02   -8.150e-01   -4.863e-01
28    5.182e+00    9.944e-01    8.302e+00    1.000e+00    7.911e-01    3.286e-01   -1.161e+00   -1.990e-01   -1.662e+00   -8.684e-01    5.256e-01   -3.806e-01   -4.863e-01
29    4.832e+00    9.921e-01    7.559e+00    1.000e+00    8.881e-01    7.000e-01   -1.167e+00   -2.148e-01   -1.744e+00   -6.015e-01    3.109e-01   -4.562e-01   -4.863e-01
30    4.788e+00    9.917e-01    7.593e+00    1.000e+00    9.752e-01    5.670e-01   -1.065e+00   -4.079e-01   -1.517e+00   -5.746e-01    4.110e-01   -5.019e-01   -4.863e-01
31    5.092e+00    9.939e-01    7.667e+00    1.000e+00    9.435e-01    2.972e-01   -1.095e+00   -6.046e-01   -1.573e+00   -6.771e-01    4.586e-01   -5.766e-01   -4.863e-01
32    4.729e+00    9.912e-01    7.232e+00    1.000e+00    8.169e-01    6.149e-01   -1.166e+00   -6.770e-01   -1.700e+00   -7.272e-01    1.219e-01   -4.893e-01   -4.863e-01
33    5.371e+00    9.954e-01    8.049e+00    1.000e+00    9.376e-01    3.144e-02   -1.067e+00   -6.442e-01   -1.688e+00   -8.659e-01    4.247e-01   -3.764e-01   -4.863e-01
34    5.508e+00    9.960e-01    7.953e+00    1.000e+00    9.039e-01   -1.256e-01   -9.457e-01   -6.023e-01   -1.745e+00   -9.001e-01    5.516e-01   -3.451e-01   -4.863e-01
35    5.215e+00    9.946e-01    7.480e+00    1.000e+00    7.545e-01    1.024e-01   -9.118e-01   -5.177e-01   -1.748e+00   -9.457e-01    4.848e-01   -3.964e-01   -4.863e-01
36    4.651e+00    9.905e-01    6.823e+00    1.000e+00    5.981e-01    4.800e-01   -1.104e+00   -5.940e-01   -1.581e+00   -6.328e-01    4.750e-01   -4.162e-01   -4.863e-01
37    4.390e+00    9.878e-01    6.628e+00    9.999e-01    4.467e-01    5.768e-01   -9.538e-01   -2.814e-01   -1.722e+00   -6.718e-01    2.505e-01   -7.592e-01   -4.863e-01
38    4.594e+00    9.900e-01    6.423e+00    9.999e-01    7.070e-01    2.659e-01   -1.030e+00   -3.298e-01   -1.712e+00   -4.260e-01    1.747e-01   -5.882e-01   -4.863e-01
39    4.661e+00    9.906e-01    7.186e+00    1.000e+00    9.188e-01    4.265e-03   -9.953e-01   -5.511e-01   -1.467e+00   -2.090e-01    3.401e-01   -4.592e-01   -4.863e-01
40    5.104e+00    9.940e-01    7.591e+00    1.000e+00    8.792e-01   -6.438e-02   -1.001e+00   -4.422e-01   -1.657e+00   -3.086e-01    6.601e-01   -2.538e-01   -4.863e-01
41    5.502e+00    9.959e-01    8.097e+00    1.000e+00    9.980e-01   -1.413e-01   -9.684e-01   -5.946e-01   -1.697e+00   -5.659e-01    7.594e-01   -2.093e-01   -4.863e-01
42    5.510e+00    9.960e-01    7.929e+00    1.000e+00    9.534e-01   -1.879e-01   -1.115e+00   -6.487e-01   -1.637e+00   -6.388e-01    6.884e-01   -1.492e-01   -4.863e-01
43    4.450e+00    9.885e-01    6.507e+00    9.999e-01    5.556e-01    4.016e-01   -1.094e+00   -5.265e-01   -1.684e+00   -4.859e-01    1.773e-01   -6.086e-01   -4.863e-01
44    5.410e+00    9.955e-01    8.194e+00    1.000e+00    7.317e-01   -2.811e-01   -1.100e+00   -7.023e-01   -1.632e+00   -3.215e-01    1.011e+00   -2.387e-01   -4.863e-01
45    4.821e+00    9.920e-01    7.443e+00    1.000e+00    6.941e-01   -1.552e-01   -9.989e-01   -4.366e-01   -1.326e+00   -3.875e-01    7.917e-01   -1.681e-01   -4.863e-01
46    4.946e+00    9.929e-01    7.578e+00    1.000e+00    7.189e-01    8.177e-02   -9.928e-01   -4.039e-01   -1.785e+00   -5.281e-01    3.868e-01   -4.303e-01   -4.863e-01
47    5.162e+00    9.943e-01    7.232e+00    1.000e+00    6.229e-01   -6.992e-02   -1.030e+00   -5.764e-01   -1.689e+00   -6.508e-01    6.340e-01   -5.028e-01   -4.863e-01
48    5.182e+00    9.944e-01    7.784e+00    1.000e+00    8.099e-01   -1.022e-01   -1.122e+00   -4.929e-01   -1.629e+00   -5.865e-01    4.431e-01   -5.996e-01   -4.863e-01
49    5.293e+00    9.950e-01    7.792e+00    1.000e+00    7.901e-01   -8.050e-02   -1.095e+00   -6.421e-01   -1.616e+00   -8.578e-01    4.320e-01   -6.227e-01   -4.863e-01
50    5.488e+00    9.959e-01    7.845e+00    1.000e+00    9.445e-01   -7.575e-02   -1.083e+00   -6.851e-01   -1.639e+00   -8.367e-01    5.029e-01   -6.284e-01   -4.863e-01
51    5.718e+00    9.967e-01    8.008e+00    1.000e+00    1.042e+00   -1.770e-01   -1.091e+00   -6.749e-01   -1.600e+00   -1.023e+00    5.022e-01   -6.431e-01   -4.863e-01
52    5.448e+00    9.957e-01    8.173e+00    1.000e+00    1.182e+00   -1.019e-01   -1.045e+00   -6.421e-01   -1.370e+00   -1.022e+00    3.783e-01   -4.992e-01   -4.863e-01
53    6.082e+00    9.977e-01    9.136e+00    1.000e+00    1.144e+00   -2.746e-01   -1.106e+00   -6.365e-01   -1.625e+00   -1.076e+00    7.375e-01   -4.922e-01   -4.863e-01
54    5.831e+00    9.971e-01    8.383e+00    1.000e+00    1.113e+00   -4.659e-01   -1.081e+00   -6.321e-01   -1.390e+00   -9.704e-01    6.799e-01   -5.726e-01   -4.863e-01
55    5.910e+00    9.973e-01    8.409e+00    1.000e+00    9.960e-01   -5.013e-01   -1.106e+00   -5.974e-01   -1.580e+00   -9.554e-01    6.547e-01   -6.297e-01   -4.863e-01
56    5.522e+00    9.960e-01    7.863e+00    1.000e+00    8.396e-01   -4.797e-01   -1.044e+00   -5.330e-01   -1.568e+00   -8.530e-01    5.316e-01   -5.010e-01   -4.863e-01
57    5.020e+00    9.934e-01    7.345e+00    1.000e+00    6.842e-01   -2.277e-01   -9.037e-01   -5.613e-01   -1.463e+00   -9.537e-01    4.007e-01   -4.661e-01   -4.863e-01
58    5.264e+00    9.949e-01    7.124e+00    1.000e+00    6.288e-01   -4.127e-01   -7.828e-01   -6.211e-01   -1.340e+00   -1.076e+00    8.179e-01   -3.863e-01   -4.863e-01
59    5.943e+00    9.974e-01    8.488e+00    1.000e+00    8.970e-01   -2.386e-01   -9.373e-01   -5.982e-01   -1.819e+00   -1.000e+00    8.964e-01   -3.026e-01   -4.863e-01
60    5.764e+00    9.969e-01    8.105e+00    1.000e+00    9.574e-01   -6.227e-01   -9.383e-01   -4.757e-01   -1.770e+00   -7.694e-01    5.623e-01   -3.601e-01   -4.863e-01
61    5.366e+00    9.953e-01    8.161e+00    1.000e+00    1.009e+00   -3.592e-01   -1.109e+00   -4.787e-01   -1.426e+00   -7.855e-01    3.998e-01   -4.034e-01   -4.863e-01
62    5.351e+00    9.953e-01    7.682e+00    1.000e+00    1.002e+00   -1.279e-01   -9.395e-01   -5.265e-01   -1.387e+00   -9.447e-01    6.182e-01   -3.516e-01   -4.863e-01
63    4.965e+00    9.931e-01    7.344e+00    1.000e+00    7.506e-01    3.848e-01   -8.119e-01   -4.269e-01   -1.498e+00   -1.022e+00    6.544e-01   -5.039e-01   -4.863e-01
64    4.199e+00    9.852e-01    6.570e+00    9.999e-01    6.249e-01    5.706e-01   -7.487e-01   -3.993e-01   -1.458e+00   -5.415e-01    4.236e-01   -5.059e-01   -4.863e-01
65    3.871e+00    9.796e-01    6.054e+00    9.999e-01    2.963e-01    8.297e-01   -7.157e-01   -4.570e-01   -1.479e+00   -6.836e-01    4.387e-01   -5.606e-01   -4.863e-01
66    3.914e+00    9.804e-01    6.066e+00    9.999e-01    3.201e-01    4.911e-01   -7.916e-01   -4.026e-01   -1.396e+00   -6.487e-01    2.461e-01   -7.825e-01   -4.863e-01
67    5.074e+00    9.938e-01    7.309e+00    1.000e+00    7.219e-01    2.136e-01   -9.868e-01   -6.380e-01   -1.565e+00   -8.886e-01    6.017e-01   -4.237e-01   -4.863e-01
68    5.252e+00    9.948e-01    7.841e+00    1.000e+00    8.258e-01    6.254e-01   -1.083e+00   -7.589e-01   -1.511e+00   -1.134e+00    7.833e-01   -3.792e-01   -4.863e-01
69    5.693e+00    9.966e-01    8.246e+00    1.000e+00    1.047e+00    7.069e-02   -1.031e+00   -7.339e-01   -1.430e+00   -1.146e+00    8.872e-01   -1.663e-01   -4.863e-01
70    6.221e+00    9.980e-01    9.257e+00    1.000e+00    1.369e+00   -4.716e-01   -9.867e-01   -8.304e-01   -1.450e+00   -9.568e-01    1.024e+00    1.616e-02   -4.863e-01
71    6.214e+00    9.980e-01    9.960e+00    1.000e+00    1.578e+00   -2.565e-01   -9.898e-01   -6.967e-01   -1.486e+00   -8.637e-01    9.293e-01   -8.512e-02   -4.863e-01
72    6.340e+00    9.982e-01    1.035e+01    1.000e+00    1.488e+00   -6.397e-03   -1.159e+00   -6.757e-01   -1.771e+00   -9.290e-01    8.431e-01   -9.683e-02   -4.863e-01
73    6.708e+00    9.988e-01    1.067e+01    1.000e+00    1.540e+00   -3.306e-01   -1.130e+00   -7.400e-01   -1.669e+00   -1.113e+00    1.024e+00   -1.061e-01   -4.863e-01
74    6.237e+00    9.980e-01    9.529e+00    1.000e+00    1.278e+00   -2.934e-01   -1.098e+00   -8.550e-01   -1.590e+00   -9.508e-01    9.539e-01   -2.871e-01   -4.863e-01
75    6.099e+00    9.978e-01    9.430e+00    1.000e+00    1.132e+00   -4.664e-01   -1.031e+00   -6.230e-01   -1.611e+00   -8.456e-01    9.090e-01   -4.960e-01   -4.863e-01
76    5.523e+00    9.960e-01    9.278e+00    1.000e+00    1.096e+00   -2.319e-01   -1.183e+00   -6.509e-01   -1.487e+00   -6.540e-01    5.262e-01   -5.289e-01   -4.863e-01
77    5.919e+00    9.973e-01    1.003e+01    1.000e+00    1.042e+00   -4.632e-01   -1.216e+00   -6.418e-01   -1.634e+00   -4.875e-01    9.110e-01   -3.999e-01   -4.863e-01
78    6.101e+00    9.978e-01    1.019e+01    1.000e+00    9.307e-01   -8.641e-01   -1.260e+00   -6.361e-01   -1.661e+00   -5.508e-01    8.885e-01   -3.754e-01   -4.863e-01
79    5.696e+00    9.967e-01    9.964e+00    1.000e+00    9.039e-01   -4.899e-01   -1.138e+00   -4.543e-01   -1.577e+00   -6.369e-01    7.652e-01   -4.950e-01   -4.863e-01
80    5.208e+00    9.946e-01    8.472e+00    1.000e+00    7.436e-01   -2.108e-01   -1.136e+00   -5.636e-01   -1.343e+00   -7.526e-01    7.239e-01   -3.342e-01   -4.863e-01
81    4.227e+00    9.856e-01    6.392e+00    9.999e-01    1.716e-01    9.960e-02   -1.205e+00   -4.491e-01   -1.479e+00   -7.415e-01   -4.837e-03   -9.686e-01   -4.863e-01
82    4.714e+00    9.911e-01    6.867e+00    1.000e+00    1.884e-01   -8.811e-02   -1.243e+00   -2.902e-01   -1.459e+00   -1.055e+00    2.364e-01   -9.103e-01   -4.863e-01
83    4.355e+00    9.873e-01    6.084e+00    9.999e-01    2.795e-01    4.862e-02   -1.271e+00   -5.078e-01   -1.307e+00   -8.621e-01    5.814e-02   -9.028e-01   -4.863e-01
84    4.524e+00    9.893e-01    6.396e+00    9.999e-01    3.834e-01    1.372e-01   -1.254e+00   -7.135e-01   -1.163e+00   -1.057e+00    2.435e-01   -8.436e-01   -4.863e-01
85    4.132e+00    9.842e-01    5.563e+00    9.997e-01    1.914e-01    6.336e-01   -1.267e+00   -8.568e-01   -1.142e+00   -1.188e+00    2.098e-01   -8.204e-01   -4.863e-01
86    4.709e+00    9.911e-01    6.801e+00    1.000e+00    5.981e-01    4.990e-01   -1.267e+00   -9.729e-01   -9.281e-01   -1.206e+00    7.158e-01   -3.736e-01   -4.863e-01
87    4.678e+00    9.908e-01    8.008e+00    1.000e+00    5.200e-01    6.395e-01   -1.176e+00   -7.944e-01   -1.226e+00   -9.483e-01    7.162e-01   -8.033e-01   -4.863e-01
88    4.471e+00    9.887e-01    7.599e+00    1.000e+00    3.646e-01    4.248e-01   -1.110e+00   -6.570e-01   -1.208e+00   -9.203e-01    5.906e-01   -7.895e-01   -4.863e-01
89    3.976e+00    9.816e-01    7.205e+00    1.000e+00    3.923e-01    9.214e-01   -1.142e+00   -8.718e-01   -1.001e+00   -1.026e+00    3.574e-01   -8.703e-01   -4.863e-01
90    4.169e+00    9.848e-01    6.399e+00    9.999e-01    3.290e-01    5.784e-01   -1.263e+00   -7.298e-01   -1.062e+00   -9.313e-01    3.549e-01   -8.815e-01   -4.863e-01
91    5.327e+00    9.952e-01    7.761e+00    1.000e+00    8.129e-01   -4.195e-02   -1.289e+00   -9.068e-01   -1.277e+00   -9.429e-01    6.589e-01   -4.809e-01   -4.863e-01
92    5.988e+00    9.975e-01    8.648e+00    1.000e+00    8.535e-01    1.519e-01   -1.228e+00   -9.489e-01   -1.442e+00   -1.480e+00    1.044e+00   -4.047e-01   -4.863e-01
93    5.014e+00    9.934e-01    7.965e+00    1.000e+00    6.080e-01    5.273e-01   -1.258e+00   -8.418e-01   -1.399e+00   -1.307e+00    4.412e-01   -6.452e-01   -4.863e-01
94    4.730e+00    9.913e-01    7.326e+00    1.000e+00    8.079e-01    6.547e-01   -1.249e+00   -8.892e-01   -9.251e-01   -1.255e+00    5.637e-01   -4.731e-01   -4.863e-01
95    4.477e+00    9.888e-01    6.829e+00    1.000e+00    7.852e-01    1.003e+00   -1.224e+00   -7.174e-01   -9.874e-01   -1.168e+00    5.206e-01   -5.064e-01   -4.863e-01
96    4.387e+00    9.877e-01    6.946e+00    1.000e+00    6.585e-01    9.398e-01   -1.127e+00   -7.247e-01   -1.033e+00   -1.238e+00    5.241e-01   -3.184e-01   -4.863e-01
97    5.019e+00    9.934e-01    7.991e+00    1.000e+00    8.050e-01    4.456e-01   -1.170e+00   -8.971e-01   -1.078e+00   -1.157e+00    8.738e-01    1.075e-02   -4.863e-01
98    4.952e+00    9.930e-01    7.647e+00    1.000e+00    6.654e-01    1.199e-01   -1.137e+00   -8.592e-01   -1.275e+00   -8.739e-01    7.568e-01    1.313e-02   -4.863e-01
99    5.426e+00    9.956e-01    8.181e+00    1.000e+00    6.645e-01    4.569e-02   -1.226e+00   -9.580e-01   -1.570e+00   -9.764e-01    8.117e-01   -8.911e-03   -4.863e-01
100    5.075e+00    9.938e-01    7.327e+00    1.000e+00    4.606e-01    7.880e-02   -1.205e+00   -8.689e-01   -1.413e+00   -1.051e+00    7.455e-01   -8.885e-02   -4.863e-01
# LEU2
1    4.768e+00    9.916e-01    7.590e+00    1.000e+00    5.012e-01   -5.424e-01   -1.008e+00   -1.494e-01   -1.303e+00   -5.507e-02    1.130e+00    4.791e-01   -4.863e-01
2    4.836e+00    9.921e-01    7.500e+00    1.000e+00    4.962e-01   -7.127e-01   -9.816e-01   -7.596e-02   -1.308e+00   -7.186e-02    1.083e+00    3.400e-01   -4.863e-01
3    4.088e+00    9.835e-01    6.394e+00    9.999e-01    3.052e-01   -3.806e-01   -9.982e-01   -1.303e-02   -1.207e+00    7.967e-02    7.658e-01    2.138e-01   -4.863e-01
4    3.864e+00    9.794e-01    5.881e+00    9.998e-01    4.309e-01   -3.615e-01   -9.451e-01   -2.267e-01   -9.609e-01   -9.240e-02    5.015e-01    1.287e-01   -4.863e-01
5    4.194e+00    9.851e-01    6.591e+00    9.999e-01    4.388e-01    1.151e-01   -9.765e-01   -4.556e-01   -1.150e+00   -5.031e-01    6.813e-01    2.150e-01   -4.863e-01
6    4.721e+00    9.912e-01    7.056e+00    1.000e+00    4.170e-01   -1.230e-01   -1.088e+00   -5.023e-01   -1.079e+00   -7.693e-01    9.984e-01    2.130e-01   -4.863e-01
7    4.332e+00    9.870e-01    7.046e+00    1.000e+00    4.260e-01   -8.510e-02   -1.149e+00   -4.351e-01   -8.507e-01   -4.951e-01    9.189e-01    8.156e-02   -4.863e-01
8    4.122e+00    9.840e-01    6.718e+00    1.000e+00    4.705e-01    5.895e-02   -9.863e-01   -2.889e-01   -8.762e-01   -4.611e-01    8.295e-01    6.471e-02   -4.863e-01
9    3.927e+00    9.807e-01    6.671e+00    1.000e+00    3.488e-01    4.184e-01   -1.025e+00   -3.508e-01   -9.994e-01   -4.737e-01    7.338e-01   -1.372e-01   -4.863e-01
10    4.638e+00    9.904e-01    7.789e+00    1.000e+00    3.913e-01    3.377e-01   -1.189e+00   -2.717e-01   -1.630e+00   -3.803e-01    7.386e-01   -2.212e-01   -4.863e-01
11    4.684e+00    9.908e-01    7.717e+00    1.000e+00    5.259e-01    9.690e-02   -1.157e+00   -4.809e-01   -1.395e+00   -3.595e-01    8.332e-01    7.491e-03   -4.863e-01
12    5.345e+00    9.953e-01    8.995e+00    1.000e+00    7.110e-01   -5.600e-02   -1.148e+00   -4.813e-01   -1.594e+00   -3.321e-01    1.222e+00    2.580e-01   -4.863e-01
13    5.671e+00    9.966e-01    9.719e+00    1.000e+00    7.901e-01    3.702e-02   -1.195e+00   -4.766e-01   -1.591e+00   -6.507e-01    1.363e+00    4.347e-01   -4.863e-01
14    5.699e+00    9.967e-01    9.723e+00    1.000e+00    7.199e-01    2.937e-03   -1.231e+00   -4.602e-01   -1.594e+00   -8.226e-01    1.262e+00    3.244e-01   -4.863e-01
15    5.710e+00    9.967e-01    9.401e+00    1.000e+00    6.842e-01   -3.567e-01   -1.238e+00   -4.048e-01   -1.551e+00   -5.591e-01    1.372e+00    5.100e-01   -4.863e-01
16    5.840e+00    9.971e-01    9.986e+00    1.000e+00    8.495e-01   -2.400e-01   -1.270e+00   -5.069e-01   -1.358e+00   -5.156e-01    1.656e+00    5.200e-01   -4.863e-01
17    5.869e+00    9.972e-01    1.006e+01    1.000e+00    8.960e-01   -4.779e-01   -1.245e+00   -5.420e-01   -1.281e+00   -5.568e-01    1.520e+00    3.812e-01   -4.863e-01
18    5.636e+00    9.964e-01    9.656e+00    1.000e+00    7.911e-01   -6.023e-02   -1.272e+00   -6.763e-01   -1.272e+00   -8.651e-01    1.322e+00    2.074e-01   -4.863e-01
19    5.660e+00    9.965e-01    8.661e+00    1.000e+00    7.258e-01   -2.452e-01   -1.207e+00   -6.496e-01   -1.286e+00   -1.257e+00    9.735e-01   -2.722e-02   -4.863e-01
20    4.659e+00    9.906e-01    7.079e+00    1.000e+00    5.190e-01    2.454e-01   -1.132e+00   -5.567e-01   -8.451e-01   -1.115e+00    9.074e-01   -2.247e-01   -4.863e-01
21    5.095e+00    9.939e-01    7.674e+00    1.000e+00    6.308e-01   -5.470e-02   -1.144e+00   -6.328e-01   -9.155e-01   -1.077e+00    1.090e+00   -1.344e-01   -4.863e-01
22    5.037e+00    9.936e-01    7.659e+00    1.000e+00    6.199e-01   -2.225e-01   -1.161e+00   -4.446e-01   -9.965e-01   -8.498e-01    9.755e-01   -2.228e-01   -4.863e-01
23    5.384e+00    9.954e-01    8.151e+00    1.000e+00    6.120e-01   -6.696e-02   -1.197e+00   -5.240e-01   -1.466e+00   -9.711e-01    8.766e-01   -1.601e-01   -4.863e-01
24    5.324e+00    9.952e-01    8.371e+00    1.000e+00    6.615e-01   -1.154e-01   -1.195e+00   -4.585e-01   -1.619e+00   -5.255e-01    8.896e-01   -1.791e-01   -4.863e-01
25    4.946e+00    9.929e-01    8.227e+00    1.000e+00    6.071e-01   -2.111e-01   -1.146e+00   -4.126e-01   -1.397e+00   -3.050e-01    8.613e-01   -2.526e-01   -4.863e-01
26    4.497e+00    9.890e-01    7.125e+00    1.000e+00    5.516e-01   -3.232e-01   -1.159e+00   -3.475e-01   -1.203e+00   -7.998e-02    6.628e-01   -2.623e-01   -4.863e-01
27    4.685e+00    9.908e-01    7.570e+00    1.000e+00    6.041e-01   -1.949e-01   -1.245e+00   -4.512e-01   -1.136e+00   -1.764e-01    9.116e-01   -1.970e-02   -4.863e-01
28    4.539e+00    9.894e-01    7.306e+00    1.000e+00    3.963e-01    3.415e-01   -1.172e+00   -3.923e-01   -1.453e+00   -6.101e-01    5.653e-01   -5.391e-01   -4.863e-01
29    4.049e+00    9.829e-01    5.859e+00    9.998e-01    1.152e-01    2.171e-01   -1.096e+00   -3.260e-01   -1.261e+00   -8.582e-01    2.348e-01   -6.724e-01   -4.863e-01
30    3.485e+00    9.703e-01    4.839e+00    9.993e-01   -1.839e-02    3.177e-01   -1.138e+00   -2.616e-01   -1.065e+00   -8.109e-01   -5.338e-02   -7.437e-01   -4.863e-01
31    3.420e+00    9.683e-01    5.212e+00    9.996e-01    2.911e-02    6.591e-01   -1.198e+00   -1.680e-01   -1.217e+00   -6.550e-01   -5.394e-02   -7.356e-01   -4.863e-01
32    3.141e+00    9.586e-01    4.934e+00    9.994e-01   -5.896e-02    5.622e-01   -1.062e+00   -2.910e-01   -9.851e-01   -7.202e-01   -4.617e-02   -7.117e-01   -4.863e-01
33    3.879e+00    9.798e-01    5.426e+00    9.997e-01    3.062e-01   -5.140e-02   -9.996e-01   -1.709e-01   -9.150e-01   -3.733e-01    5.620e-01   -3.389e-01   -4.863e-01
34    3.756e+00    9.772e-01    5.437e+00    9.997e-01    1.328e-02   -5.978e-01   -1.113e+00    5.986e-03   -9.140e-01   -1.893e-01    4.062e-01   -4.597e-01   -4.863e-01
35    3.286e+00    9.640e-01    5.389e+00    9.997e-01    1.427e-02   -3.428e-01   -1.119e+00   -4.641e-02   -8.225e-01    7.628e-02    2.864e-01   -4.535e-01   -4.863e-01
36    3.010e+00    9.530e-01    4.960e+00    9.994e-01   -5.751e-04    1.620e-01   -1.090e+00    8.741e-02   -8.397e-01    6.870e-02    2.826e-01   -5.170e-01   -4.863e-01
37    2.931e+00    9.494e-01    4.848e+00    9.993e-01   -8.667e-02   -4.103e-02   -1.041e+00    1.119e-01   -8.268e-01    2.650e-01    3.649e-01   -4.917e-01   -4.863e-01
38    2.812e+00    9.433e-01    4.897e+00    9.993e-01   -2.331e-01   -5.566e-02   -1.110e+00    2.386e-01   -9.690e-01    3.259e-01    1.727e-01   -6.288e-01   -4.863e-01
39    2.793e+00    9.423e-01    4.797e+00    9.992e-01   -1.371e-01    3.090e-02   -1.112e+00    2.654e-01   -8.524e-01    7.524e-02    2.344e-02   -6.483e-01   -4.863e-01
40    2.442e+00    9.200e-01    4.906e+00    9.993e-01   -3.529e-01    5.737e-02   -1.126e+00    5.579e-01   -9.439e-01    7.766e-02   -3.022e-01   -8.202e-01   -4.863e-01
41    2.304e+00    9.092e-01    4.509e+00    9.988e-01   -3.499e-01    2.488e-01   -1.021e+00    6.061e-01   -9.068e-01   -1.093e-01   -3.790e-01   -8.581e-01   -4.863e-01
42    2.192e+00    8.995e-01    4.142e+00    9.979e-01   -2.430e-01    2.988e-01   -9.387e-01    4.862e-01   -8.217e-01   -7.935e-03   -3.656e-01   -8.302e-01   -4.863e-01
43    2.660e+00    9.346e-01    4.448e+00    9.987e-01   -2.064e-01    2.374e-01   -1.081e+00    4.093e-01   -1.072e+00   -7.146e-02   -3.253e-01   -9.008e-01   -4.863e-01
44    2.669e+00    9.352e-01    4.093e+00    9.978e-01   -2.668e-01    9.317e-02   -1.020e+00    1.751e-01   -1.004e+00   -1.541e-01   -2.797e-01   -8.630e-01   -4.863e-01
45    2.642e+00    9.335e-01    3.598e+00    9.954e-01   -2.272e-01   -5.002e-02   -9.292e-01    9.819e-02   -9.252e-01   -1.214e-01   -2.800e-01   -9.137e-01   -4.863e-01
46    3.004e+00    9.528e-01    3.894e+00    9.970e-01   -2.371e-01   -2.131e-01   -1.143e+00   -8.921e-02   -9.900e-01   -1.962e-01   -2.271e-01   -8.797e-01   -4.863e-01
47    3.188e+00    9.604e-01    4.370e+00    9.985e-01   -8.964e-02    1.333e-01   -1.161e+00   -1.802e-01   -9.109e-01   -3.323e-01    8.067e-02   -6.959e-01   -4.863e-01
48    3.400e+00    9.677e-01    4.834e+00    9.993e-01    1.328e-02   -3.407e-02   -1.103e+00   -1.065e-01   -1.087e+00   -2.430e-01    4.135e-02   -6.832e-01   -4.863e-01
49    4.055e+00    9.830e-01    5.171e+00    9.995e-01   -8.172e-02    8.677e-02   -1.162e+00   -3.755e-01   -1.445e+00   -5.138e-01    3.867e-01   -6.941e-01   -4.863e-01
50    3.576e+00    9.728e-01    5.346e+00    9.996e-01   -1.839e-02    2.665e-01   -1.161e+00   -3.401e-01   -1.411e+00   -2.036e-01    1.093e-01   -6.856e-01   -4.863e-01
51    4.086e+00    9.835e-01    6.726e+00    1.000e+00    3.052e-01   -8.662e-02   -1.168e+00   -2.831e-01   -1.272e+00   -1.292e-01    3.999e-01   -5.245e-01   -4.863e-01
52    4.342e+00    9.872e-01    7.320e+00    1.000e+00    4.655e-01   -4.093e-01   -1.084e+00   -2.608e-01   -1.191e+00   -1.258e-01    5.107e-01   -4.312e-01   -4.863e-01
53    4.656e+00    9.906e-01    7.158e+00    1.000e+00    3.814e-01   -3.954e-01   -1.172e+00   -4.745e-01   -1.321e+00   -2.725e-01    7.276e-01   -1.913e-01   -4.863e-01
54    3.888e+00    9.799e-01    6.488e+00    9.999e-01    4.190e-01   -1.551e-01   -1.170e+00   -3.179e-01   -9.169e-01   -1.914e-01    3.286e-01   -4.916e-01   -4.863e-01
55    3.857e+00    9.793e-01    5.917e+00    9.998e-01    3.260e-01   -1.155e-01   -1.154e+00   -2.629e-01   -9.605e-01   -5.694e-01    6.147e-02   -5.948e-01   -4.863e-01
56    3.855e+00    9.793e-01    5.638e+00    9.998e-01    3.032e-01   -4.346e-01   -1.031e+00   -2.802e-01   -8.729e-01   -4.245e-01    1.758e-01   -6.478e-01   -4.863e-01
57    3.977e+00    9.816e-01    5.839e+00    9.998e-01    3.339e-01   -4.048e-01   -1.018e+00   -1.689e-01   -1.177e+00   -3.180e-01    7.313e-02   -6.191e-01   -4.863e-01
58    4.652e+00    9.906e-01    6.269e+00    9.999e-01    4.932e-01   -5.728e-01   -1.085e+00   -1.841e-01   -1.048e+00   -5.870e-01    6.217e-01   -1.736e-01   -4.863e-01
59    4.486e+00    9.889e-01    6.308e+00    9.999e-01    3.656e-01   -6.914e-02   -1.048e+00   -2.621e-01   -1.158e+00   -9.561e-01    4.452e-01   -4.407e-01   -4.863e-01
60    4.260e+00    9.861e-01    5.932e+00    9.999e-01    3.616e-01   -8.209e-02   -1.083e+00   -3.218e-01   -1.036e+00   -8.556e-01    3.223e-01   -5.133e-01   -4.863e-01
61    4.076e+00    9.833e-01    6.081e+00    9.999e-01    3.676e-01   -6.610e-02   -1.119e+00   -2.685e-01   -1.071e+00   -8.495e-01    9.924e-03   -5.667e-01   -4.863e-01
62    3.553e+00    9.722e-01    5.562e+00    9.997e-01    4.566e-01   -6.169e-02   -1.099e+00   -8.277e-02   -8.885e-01   -5.314e-01   -2.747e-01   -5.629e-01   -4.863e-01
63    3.839e+00    9.789e-01    6.119e+00    9.999e-01    4.170e-01   -3.818e-02   -1.170e+00   -7.752e-02   -1.148e+00   -5.266e-01   -2.108e-01   -6.151e-01   -4.863e-01
64    3.511e+00    9.710e-01    5.786e+00    9.998e-01    3.112e-01    3.034e-01   -1.227e+00   -1.764e-02   -1.360e+00   -4.041e-01   -4.968e-01   -7.410e-01   -4.863e-01
65    3.537e+00    9.717e-01    5.276e+00    9.996e-01    4.032e-01    2.125e-01   -1.196e+00   -2.417e-01   -1.239e+00   -4.936e-01   -5.356e-01   -6.698e-01   -4.863e-01
66    3.507e+00    9.709e-01    5.089e+00    9.995e-01    3.626e-01    5.147e-01   -1.154e+00   -3.566e-01   -1.151e+00   -4.839e-01   -1.665e-01   -6.276e-01   -4.863e-01
67    3.521e+00    9.713e-01    5.084e+00    9.995e-01    2.518e-01    1.805e-01   -1.244e+00   -3.577e-01   -1.057e+00   -4.904e-01   -2.151e-01   -6.028e-01   -4.863e-01
68    3.414e+00    9.681e-01    5.132e+00    9.995e-01    2.033e-01    5.805e-01   -1.165e+00   -2.417e-01   -1.046e+00   -6.402e-01   -4.701e-02   -5.627e-01   -4.863e-01
69    3.332e+00    9.655e-01    5.112e+00    9.995e-01    1.548e-01    3.573e-01   -1.208e+00   -3.019e-01   -1.143e+00   -3.562e-01   -1.685e-01   -5.376e-01   -4.863e-01
70    3.699e+00    9.758e-01    5.609e+00    9.998e-01    2.330e-01    1.810e-01   -1.216e+00   -2.441e-01   -1.723e+00   -8.671e-02   -4.071e-01   -7.180e-01   -4.863e-01
71    3.415e+00    9.682e-01    5.579e+00    9.998e-01    4.170e-01    1.955e-01   -1.238e+00   -1.508e-01   -1.395e+00    8.458e-02   -4.999e-01   -8.205e-01   -4.863e-01
72    3.789e+00    9.779e-01    5.998e+00    9.999e-01    4.992e-01    2.300e-01   -1.258e+00   -4.121e-01   -1.459e+00   -8.475e-02   -2.638e-01   -5.311e-01   -4.863e-01
73    3.429e+00    9.686e-01    5.926e+00    9.999e-01    4.329e-01    3.182e-01   -1.241e+00   -2.146e-01   -1.524e+00    3.013e-01   -3.708e-01   -7.047e-01   -4.863e-01
74    3.454e+00    9.693e-01    5.933e+00    9.999e-01    5.210e-01    1.448e-01   -1.224e+00   -1.732e-01   -1.230e+00    2.454e-01   -2.586e-01   -7.497e-01   -4.863e-01
75    3.344e+00    9.659e-01    5.903e+00    9.998e-01    4.962e-01    7.858e-02   -1.197e+00   -1.893e-01   -9.282e-01    2.241e-01   -4.985e-02   -7.046e-01   -4.863e-01
76    3.263e+00    9.632e-01    5.813e+00    9.998e-01    3.834e-01    4.959e-02   -1.183e+00   -2.016e-01   -9.752e-01    1.067e-01   -1.801e-01   -7.014e-01   -4.863e-01
77    3.525e+00    9.714e-01    5.970e+00    9.999e-01    4.091e-01   -9.062e-02   -1.222e+00   -9.607e-02   -1.221e+00    2.578e-01   -1.488e-01   -6.522e-01   -4.863e-01
78    3.623e+00    9.740e-01    6.080e+00    9.999e-01    4.606e-01    2.211e-01   -1.233e+00   -1.898e-01   -1.369e+00    1.767e-01   -1.135e-01   -6.306e-01   -4.863e-01
79    3.697e+00    9.758e-01    6.286e+00    9.999e-01    4.388e-01   -1.568e-01   -1.219e+00   -1.322e-01   -1.215e+00    1.008e-01   -1.316e-01   -6.841e-01   -4.863e-01
80    3.748e+00    9.770e-01    6.640e+00    9.999e-01    6.080e-01   -3.722e-01   -1.113e+00   -2.663e-02   -9.009e-01    8.498e-02    6.418e-02   -5.445e-01   -4.863e-01
81    3.417e+00    9.682e-01    6.294e+00    9.999e-01    6.080e-01   -3.708e-01   -1.037e+00    2.942e-05   -7.266e-01    2.261e-01    5.364e-02   -3.862e-01   -4.863e-01
82    3.732e+00    9.766e-01    6.904e+00    1.000e+00    6.397e-01   -6.536e-01   -1.074e+00    2.590e-02   -7.050e-01    4.331e-01    4.293e-01   -2.266e-01   -4.863e-01
83    3.453e+00    9.693e-01    6.766e+00    1.000e+00    7.268e-01   -2.288e-01   -1.198e+00   -1.914e-01   -8.868e-01    5.593e-01   -2.089e-02   -4.612e-01   -4.863e-01
84    3.219e+00    9.615e-01    5.684e+00    9.998e-01    4.091e-01   -4.561e-01   -1.138e+00   -2.865e-01   -8.580e-01    4.426e-01   -1.290e-01   -4.961e-01   -4.863e-01
85    2.973e+00    9.513e-01    5.294e+00    9.996e-01    2.785e-01   -1.711e-01   -1.113e+00   -2.088e-01   -6.921e-01    1.250e-01   -1.343e-01   -4.881e-01   -4.863e-01
86    3.080e+00    9.560e-01    5.298e+00    9.996e-01    3.735e-01   -6.056e-02   -1.082e+00   -1.642e-01   -8.788e-01    1.081e-01   -2.270e-01   -4.512e-01   -4.863e-01
87    3.484e+00    9.702e-01    6.090e+00    9.999e-01    5.091e-01   -2.587e-02   -1.058e+00   -1.094e-01   -7.877e-01   -2.798e-01   -1.176e-02   -4.001e-01   -4.863e-01
88    2.904e+00    9.481e-01    5.162e+00    9.995e-01    1.518e-01   -1.981e-01   -1.031e+00   -1.168e-01   -8.746e-01    1.056e-01   -3.469e-01   -9.333e-01   -4.863e-01
89    2.965e+00    9.510e-01    4.915e+00    9.993e-01    3.804e-01   -2.297e-01   -9.929e-01   -3.206e-02   -3.745e-01   -3.899e-02    3.095e-02   -5.356e-01   -4.863e-01
90    3.068e+00    9.556e-01    5.269e+00    9.996e-01    2.033e-01   -4.118e-01   -1.100e+00   -1.171e-02   -5.241e-01    1.994e-01    2.115e-01   -3.870e-01   -4.863e-01
91    3.795e+00    9.780e-01    6.039e+00    9.999e-01    1.498e-01   -4.232e-01   -1.052e+00   -1.877e-01   -6.408e-01   -3.719e-01    6.802e-01   -2.354e-01   -4.863e-01
92    3.541e+00    9.718e-01    5.531e+00    9.997e-01    2.369e-01   -4.599e-01   -9.685e-01   -1.647e-01   -4.976e-01   -2.832e-01    5.223e-01   -2.777e-01   -4.863e-01
93    2.942e+00    9.499e-01    4.618e+00    9.990e-01    1.924e-01   -2.073e-01   -1.055e+00   -1.763e-01   -3.039e-01   -1.334e-01    2.216e-01   -3.790e-01   -4.863e-01
94    2.872e+00    9.465e-01    3.962e+00    9.973e-01    1.093e-01   -4.160e-01   -1.018e+00   -1.901e-01   -2.728e-01   -1.267e-02    2.329e-01   -4.541e-01   -4.863e-01
95    2.910e+00    9.483e-01    3.986e+00    9.974e-01    1.152e-01   -5.546e-01   -9.502e-01    1.538e-01   -5.131e-01   -6.215e-02   -1.018e-01   -5.985e-01   -4.863e-01
96    2.221e+00    9.021e-01    3.806e+00    9.966e-01   -4.412e-02   -1.900e-01   -9.171e-01    4.576e-01   -4.305e-01    3.265e-01   -1.813e-01   -9.433e-01   -4.863e-01
97    2.346e+00    9.126e-01    4.383e+00    9.985e-01    4.198e-02    3.218e-02   -9.057e-01    3.610e-01   -7.258e-01    2.154e-01   -4.207e-01   -1.048e+00   -4.863e-01
98    2.525e+00    9.259e-01    5.008e+00    9.994e-01   -1.344e-02   -5.941e-02   -9.382e-01    1.870e-01   -1.064e+00    1.625e-01   -6.409e-01   -9.719e-01   -4.863e-01
99    2.588e+00    9.301e-01    5.172e+00    9.995e-01    4.693e-02   -1.413e-01   -9.937e-01    1.626e-01   -9.412e-01    3.300e-01   -4.545e-01   -9.678e-01   -4.863e-01
100    2.113e+00    8.922e-01    4.375e+00    9.985e-01   -7.084e-02   -9.237e-02   -1.006e+00    2.023e-01   -7.960e-01    4.626e-01   -6.095e-01   -8.727e-01   -4.863e-01
# LEU3
1    4.252e+00    9.860e-01    5.931e+00    9.999e-01    7.476e-01   -4.002e-01   -8.391e-01   -7.508e-01   -8.602e-01   -7.509e-01    2.114e-01   -6.410e-02   -4.863e-01
2    4.319e+00    9.869e-01    6.332e+00    9.999e-01    8.752e-01   -5.026e-01   -7.806e-01   -3.245e-01   -1.068e+00   -4.337e-01    1.119e-01   -2.768e-01   -4.863e-01
3    4.697e+00    9.910e-01    6.813e+00    1.000e+00    8.376e-01   -2.233e-01   -8.158e-01   -3.461e-01   -1.294e+00   -7.021e-01    3.637e-01   -1.223e-01   -4.863e-01
4    4.982e+00    9.932e-01    7.027e+00    1.000e+00    8.743e-01   -1.720e-01   -8.282e-01   -5.048e-01   -1.415e+00   -1.048e+00    2.616e-01   -2.387e-01   -4.863e-01
5    5.332e+00    9.952e-01    8.017e+00    1.000e+00    9.574e-01   -2.727e-01   -9.079e-01   -5.123e-01   -1.440e+00   -1.087e+00    4.090e-01   -2.928e-01   -4.863e-01
6    5.059e+00    9.937e-01    7.707e+00    1.000e+00    1.064e+00   -2.411e-01   -8.362e-01   -5.100e-01   -1.336e+00   -9.737e-01    2.060e-01   -3.622e-01   -4.863e-01
7    5.202e+00    9.945e-01    7.619e+00    1.000e+00    1.085e+00   -4.180e-01   -8.083e-01   -6.226e-01   -1.414e+00   -1.028e+00    1.231e-01   -3.911e-01   -4.863e-01
8    5.107e+00    9.940e-01    7.541e+00    1.000e+00    1.153e+00   -2.176e-01   -8.188e-01   -5.527e-01   -1.539e+00   -9.271e-01   -3.529e-02   -4.883e-01   -4.863e-01
9    5.541e+00    9.961e-01    8.008e+00    1.000e+00    1.174e+00   -3.011e-01   -9.004e-01   -5.056e-01   -1.641e+00   -1.107e+00    1.234e-01   -4.589e-01   -4.863e-01
10    5.811e+00    9.970e-01    9.408e+00    1.000e+00    1.363e+00   -4.394e-01   -1.063e+00   -4.248e-01   -1.718e+00   -4.806e-01    5.168e-01   -1.144e-01   -4.863e-01
11    5.598e+00    9.963e-01    8.761e+00    1.000e+00    1.381e+00   -5.196e-01   -9.742e-01   -4.356e-01   -1.495e+00   -5.209e-01    4.663e-01   -1.057e-01   -4.863e-01
12    5.425e+00    9.956e-01    8.181e+00    1.000e+00    1.272e+00   -7.425e-01   -8.497e-01   -5.142e-01   -1.265e+00   -6.494e-01    4.621e-01   -1.964e-01   -4.863e-01
13    5.070e+00    9.938e-01    7.264e+00    1.000e+00    1.236e+00   -5.193e-01   -8.348e-01   -2.879e-01   -1.445e+00   -4.800e-01    1.102e-01   -3.551e-01   -4.863e-01
14    4.959e+00    9.930e-01    7.464e+00    1.000e+00    1.163e+00   -3.297e-01   -8.550e-01   -3.577e-01   -1.611e+00   -5.449e-01   -1.077e-01   -4.610e-01   -4.863e-01
15    4.852e+00    9.923e-01    6.627e+00    9.999e-01    1.040e+00   -3.362e-01   -8.834e-01   -4.847e-01   -1.639e+00   -5.065e-01   -1.033e-01   -3.198e-01   -4.863e-01
16    4.279e+00    9.863e-01    5.943e+00    9.999e-01    1.056e+00    1.349e-01   -7.486e-01   -5.489e-01   -1.429e+00   -6.635e-01   -2.977e-01   -2.415e-01   -4.863e-01
17    4.126e+00    9.841e-01    5.033e+00    9.994e-01    1.027e+00    2.822e-01   -7.527e-01   -5.014e-01   -1.117e+00   -1.130e+00   -3.944e-01   -3.313e-01   -4.863e-01
18    4.280e+00    9.863e-01    4.969e+00    9.994e-01    1.115e+00    2.629e-01   -7.570e-01   -5.861e-01   -1.074e+00   -1.308e+00   -3.990e-01   -2.617e-01   -4.863e-01
19    4.416e+00    9.881e-01    5.833e+00    9.998e-01    1.352e+00    6.774e-01   -6.425e-01   -5.307e-01   -1.135e+00   -1.243e+00   -1.307e-01   -2.366e-01   -4.863e-01
20    4.832e+00    9.921e-01    6.863e+00    1.000e+00    1.317e+00    4.739e-01   -7.463e-01   -5.725e-01   -1.330e+00   -1.269e+00   -2.643e-02   -2.404e-01   -4.863e-01
21    4.981e+00    9.932e-01    7.703e+00    1.000e+00    1.528e+00    4.101e-01   -8.286e-01   -5.013e-01   -1.271e+00   -1.053e+00    3.821e-02   -2.963e-01   -4.863e-01
22    5.119e+00    9.941e-01    7.964e+00    1.000e+00    1.355e+00    7.367e-01   -8.718e-01   -5.722e-01   -1.500e+00   -1.279e+00    1.822e-01   -1.946e-01   -4.863e-01
23    5.057e+00    9.937e-01    7.636e+00    1.000e+00    1.520e+00    6.072e-01   -9.117e-01   -6.914e-01   -1.346e+00   -1.106e+00    8.071e-02   -2.646e-01   -4.863e-01
24    4.916e+00    9.927e-01    7.426e+00    1.000e+00    1.597e+00    7.066e-01   -9.806e-01   -5.421e-01   -1.268e+00   -1.119e+00   -1.127e-01   -3.431e-01   -4.863e-01
25    5.136e+00    9.942e-01    7.681e+00    1.000e+00    1.690e+00    5.524e-01   -1.088e+00   -4.304e-01   -1.317e+00   -1.082e+00   -1.435e-01   -2.903e-01   -4.863e-01
26    5.216e+00    9.946e-01    7.800e+00    1.000e+00    1.554e+00    5.286e-01   -1.097e+00   -4.668e-01   -1.343e+00   -1.334e+00   -1.801e-01   -4.737e-01   -4.863e-01
27    5.211e+00    9.946e-01    7.678e+00    1.000e+00    1.507e+00    8.784e-01   -9.630e-01   -5.455e-01   -1.407e+00   -1.489e+00    1.533e-02   -4.969e-01   -4.863e-01
28    5.065e+00    9.937e-01    7.653e+00    1.000e+00    1.654e+00    8.981e-01   -8.783e-01   -5.074e-01   -1.315e+00   -1.375e+00   -6.562e-02   -5.088e-01   -4.863e-01
29    5.016e+00    9.934e-01    6.945e+00    1.000e+00    1.650e+00    4.131e-01   -8.313e-01   -7.113e-01   -1.063e+00   -1.347e+00   -1.297e-01   -5.813e-01   -4.863e-01
30    5.186e+00    9.944e-01    8.370e+00    1.000e+00    1.605e+00    8.693e-01   -8.445e-01   -7.527e-01   -1.374e+00   -1.525e+00   -4.793e-02   -5.355e-01   -4.863e-01
31    5.374e+00    9.954e-01    8.108e+00    1.000e+00    1.459e+00    6.910e-01   -1.037e+00   -9.249e-01   -1.413e+00   -1.447e+00    1.285e-01   -3.770e-01   -4.863e-01
32    5.284e+00    9.950e-01    8.426e+00    1.000e+00    1.476e+00    7.563e-01   -1.199e+00   -8.977e-01   -1.486e+00   -1.338e+00   -8.694e-02   -3.331e-01   -4.863e-01
33    5.797e+00    9.970e-01    8.864e+00    1.000e+00    1.598e+00    4.398e-01   -1.247e+00   -9.232e-01   -1.548e+00   -1.332e+00    1.150e-01   -3.127e-01   -4.863e-01
34    5.907e+00    9.973e-01    8.582e+00    1.000e+00    1.463e+00    1.651e-01   -1.230e+00   -1.082e+00   -1.600e+00   -1.336e+00    1.947e-01   -1.982e-01   -4.863e-01
35    5.347e+00    9.953e-01    8.207e+00    1.000e+00    1.308e+00    5.471e-01   -1.254e+00   -1.092e+00   -1.428e+00   -1.327e+00    1.366e-01   -3.767e-02   -4.863e-01
36    5.839e+00    9.971e-01    8.868e+00    1.000e+00    1.393e+00    4.925e-02   -1.056e+00   -1.041e+00   -1.437e+00   -1.407e+00    4.150e-01   -9.288e-02   -4.863e-01
37    5.689e+00    9.966e-01    8.372e+00    1.000e+00    1.277e+00    2.430e-01   -1.118e+00   -1.033e+00   -1.509e+00   -1.378e+00    3.840e-01   -6.819e-02   -4.863e-01
38    5.431e+00    9.956e-01    8.401e+00    1.000e+00    1.256e+00    1.629e-02   -1.182e+00   -8.405e-01   -1.434e+00   -1.017e+00    2.335e-01   -1.471e-01   -4.863e-01
39    5.323e+00    9.951e-01    8.593e+00    1.000e+00    1.347e+00    2.833e-03   -1.152e+00   -7.032e-01   -1.365e+00   -8.558e-01    2.219e-01   -1.318e-01   -4.863e-01
40    5.233e+00    9.947e-01    8.422e+00    1.000e+00    1.236e+00   -2.419e-01   -1.225e+00   -6.617e-01   -1.248e+00   -7.498e-01    2.496e-01   -3.993e-02   -4.863e-01
41    4.856e+00    9.923e-01    7.526e+00    1.000e+00    1.156e+00    4.946e-02   -1.178e+00   -5.300e-01   -1.259e+00   -9.338e-01   -6.887e-02   -7.696e-02   -4.863e-01
42    5.567e+00    9.962e-01    8.283e+00    1.000e+00    1.314e+00   -3.352e-01   -1.197e+00   -7.250e-01   -1.333e+00   -9.647e-01    2.915e-01    3.397e-02   -4.863e-01
43    5.754e+00    9.968e-01    8.777e+00    1.000e+00    1.288e+00   -5.649e-01   -1.180e+00   -6.563e-01   -1.315e+00   -8.967e-01    4.966e-01    9.791e-03   -4.863e-01
44    5.715e+00    9.967e-01    8.210e+00    1.000e+00    1.206e+00   -5.576e-01   -1.098e+00   -6.957e-01   -1.361e+00   -8.970e-01    5.571e-01   -1.416e-02   -4.863e-01
45    5.508e+00    9.960e-01    8.000e+00    1.000e+00    1.194e+00   -3.808e-01   -1.128e+00   -6.838e-01   -1.272e+00   -1.033e+00    3.918e-01   -1.075e-02   -4.863e-01
46    5.746e+00    9.968e-01    8.444e+00    1.000e+00    1.294e+00   -5.336e-01   -1.233e+00   -6.894e-01   -1.148e+00   -1.213e+00    3.874e-01   -1.462e-02   -4.863e-01
47    5.776e+00    9.969e-01    8.323e+00    1.000e+00    1.283e+00   -6.452e-01   -1.276e+00   -5.658e-01   -1.116e+00   -1.070e+00    4.885e-01    7.006e-03   -4.863e-01
48    6.149e+00    9.979e-01    8.929e+00    1.000e+00    1.377e+00   -8.044e-01   -1.173e+00   -4.682e-01   -1.252e+00   -1.173e+00    6.039e-01    1.210e-02   -4.863e-01
49    5.847e+00    9.971e-01    8.334e+00    1.000e+00    1.187e+00   -6.817e-01   -1.178e+00   -6.520e-01   -1.190e+00   -1.338e+00    4.636e-01    8.809e-02   -4.863e-01
50    6.245e+00    9.981e-01    9.235e+00    1.000e+00    1.384e+00   -7.294e-01   -1.146e+00   -6.156e-01   -1.485e+00   -1.096e+00    6.105e-01    1.520e-01   -4.863e-01
51    5.847e+00    9.971e-01    8.996e+00    1.000e+00    1.391e+00   -6.315e-01   -1.230e+00   -7.782e-01   -1.501e+00   -6.631e-01    4.144e-01    1.915e-01   -4.863e-01
52    5.549e+00    9.961e-01    8.505e+00    1.000e+00    1.323e+00   -3.293e-01   -1.266e+00   -8.899e-01   -1.271e+00   -6.031e-01    6.190e-01    2.892e-01   -4.863e-01
53    5.665e+00    9.965e-01    8.449e+00    1.000e+00    1.319e+00   -5.879e-01   -1.218e+00   -9.082e-01   -1.263e+00   -7.482e-01    5.382e-01    3.326e-01   -4.863e-01
54    6.106e+00    9.978e-01    9.121e+00    1.000e+00    1.260e+00   -5.376e-01   -1.191e+00   -8.876e-01   -1.555e+00   -1.092e+00    6.243e-01    3.496e-01   -4.863e-01
55    6.274e+00    9.981e-01    9.444e+00    1.000e+00    1.263e+00   -8.256e-01   -1.118e+00   -6.443e-01   -1.571e+00   -8.920e-01    8.431e-01    2.917e-01   -4.863e-01
56    5.914e+00    9.973e-01    8.805e+00    1.000e+00    1.131e+00   -6.598e-01   -1.104e+00   -4.719e-01   -1.406e+00   -8.337e-01    8.931e-01    2.325e-01   -4.863e-01
57    5.693e+00    9.966e-01    8.157e+00    1.000e+00    9.574e-01   -3.187e-01   -1.185e+00   -6.207e-01   -1.464e+00   -9.084e-01    8.282e-01    1.691e-01   -4.863e-01
58    5.499e+00    9.959e-01    8.248e+00    1.000e+00    9.792e-01   -1.859e-01   -1.003e+00   -5.208e-01   -1.384e+00   -1.119e+00    7.023e-01    7.653e-02   -4.863e-01
59    5.545e+00    9.961e-01    8.065e+00    1.000e+00    1.026e+00   -1.610e-01   -9.964e-01   -4.742e-01   -1.466e+00   -1.175e+00    5.617e-01   -5.355e-02   -4.863e-01
60    5.709e+00    9.967e-01    7.620e+00    1.000e+00    1.166e+00   -3.295e-01   -9.853e-01   -5.387e-01   -1.422e+00   -1.327e+00    4.205e-01   -7.693e-02   -4.863e-01
61    5.352e+00    9.953e-01    6.992e+00    1.000e+00    1.063e+00    2.288e-02   -8.748e-01   -5.183e-01   -1.468e+00   -1.353e+00    3.503e-01   -3.612e-02   -4.863e-01
62    5.456e+00    9.957e-01    6.990e+00    1.000e+00    9.881e-01   -2.042e-01   -8.942e-01   -6.104e-01   -1.573e+00   -1.489e+00    1.466e-01   -1.106e-01   -4.863e-01
63    5.619e+00    9.964e-01    6.579e+00    9.999e-01    8.386e-01   -7.956e-02   -1.118e+00   -9.355e-01   -1.663e+00   -1.531e+00    3.196e-01    6.005e-02   -4.863e-01
64    5.502e+00    9.959e-01    6.678e+00    1.000e+00    9.010e-01   -6.056e-02   -1.099e+00   -9.040e-01   -1.679e+00   -1.423e+00    1.694e-01   -4.301e-02   -4.863e-01
65    5.620e+00    9.964e-01    7.322e+00    1.000e+00    9.960e-01    2.075e-01   -1.140e+00   -8.681e-01   -1.636e+00   -1.299e+00    5.365e-01    6.202e-02   -4.863e-01
66    6.102e+00    9.978e-01    8.596e+00    1.000e+00    1.227e+00   -1.228e-01   -1.209e+00   -9.169e-01   -1.711e+00   -1.200e+00    5.758e-01   -2.113e-02   -4.863e-01
67    5.836e+00    9.971e-01    7.732e+00    1.000e+00    1.054e+00   -5.909e-02   -1.207e+00   -8.032e-01   -1.636e+00   -1.455e+00    3.684e-01   -1.075e-02   -4.863e-01
68    5.662e+00    9.965e-01    7.604e+00    1.000e+00    1.087e+00   -3.638e-03   -1.149e+00   -6.906e-01   -1.628e+00   -1.444e+00    1.954e-01   -8.811e-02   -4.863e-01
69    6.733e+00    9.988e-01    9.128e+00    1.000e+00    1.423e+00   -1.564e-01   -1.051e+00   -8.409e-01   -1.799e+00   -1.666e+00    8.052e-01    1.096e-02   -4.863e-01
70    6.576e+00    9.986e-01    9.059e+00    1.000e+00    1.595e+00    4.893e-04   -7.845e-01   -8.081e-01   -1.709e+00   -1.636e+00    8.591e-01    4.270e-03   -4.863e-01
71    6.689e+00    9.988e-01    9.579e+00    1.000e+00    1.619e+00    1.669e-01   -8.082e-01   -7.600e-01   -1.768e+00   -1.836e+00    8.585e-01    6.856e-02   -4.863e-01
72    6.757e+00    9.988e-01    9.485e+00    1.000e+00    1.447e+00   -2.011e-01   -1.042e+00   -9.224e-01   -1.726e+00   -1.767e+00    7.900e-01    4.070e-02   -4.863e-01
73    6.838e+00    9.989e-01    1.001e+01    1.000e+00    1.559e+00   -1.745e-01   -1.087e+00   -8.166e-01   -1.814e+00   -1.685e+00    7.025e-01   -5.203e-03   -4.863e-01
74    6.695e+00    9.988e-01    9.978e+00    1.000e+00    1.656e+00   -6.806e-02   -1.098e+00   -8.042e-01   -1.676e+00   -1.492e+00    7.786e-01   -2.872e-02   -4.863e-01
75    6.352e+00    9.983e-01    9.338e+00    1.000e+00    1.470e+00   -2.402e-01   -1.121e+00   -7.863e-01   -1.569e+00   -1.319e+00    6.587e-01   -1.221e-01   -4.863e-01
76    5.657e+00    9.965e-01    7.774e+00    1.000e+00    1.168e+00   -1.031e-02   -1.181e+00   -8.215e-01   -1.566e+00   -1.287e+00    2.515e-01   -1.051e-01   -4.863e-01
77    5.597e+00    9.963e-01    8.085e+00    1.000e+00    1.261e+00    3.967e-01   -1.196e+00   -7.601e-01   -1.692e+00   -1.211e+00    2.637e-01   -3.741e-02   -4.863e-01
78    5.612e+00    9.964e-01    7.662e+00    1.000e+00    1.253e+00    2.117e-01   -1.188e+00   -7.547e-01   -1.629e+00   -1.327e+00    1.783e-01    8.207e-02   -4.863e-01
79    5.622e+00    9.964e-01    7.792e+00    1.000e+00    1.299e+00    8.807e-02   -1.174e+00   -7.811e-01   -1.560e+00   -1.349e+00    1.179e-01    5.047e-02   -4.863e-01
80    6.239e+00    9.981e-01    7.907e+00    1.000e+00    1.448e+00   -1.103e-01   -1.192e+00   -8.717e-01   -1.657e+00   -1.562e+00    3.058e-01    7.088e-02   -4.863e-01
81    6.323e+00    9.982e-01    8.198e+00    1.000e+00    1.358e+00   -1.844e-01   -1.145e+00   -7.877e-01   -1.660e+00   -1.701e+00    4.138e-01    1.385e-01   -4.863e-01
82    5.966e+00    9.974e-01    7.368e+00    1.000e+00    1.132e+00   -3.189e-01   -1.126e+00   -8.009e-01   -1.503e+00   -1.593e+00    4.389e-01    2.630e-01   -4.863e-01
83    6.081e+00    9.977e-01    8.280e+00    1.000e+00    1.170e+00   -4.702e-01   -1.102e+00   -6.666e-01   -1.383e+00   -1.580e+00    6.334e-01    3.465e-01   -4.863e-01
84    6.378e+00    9.983e-01    8.625e+00    1.000e+00    1.157e+00   -7.405e-01   -1.096e+00   -5.479e-01   -1.511e+00   -1.441e+00    8.546e-01    4.899e-01   -4.863e-01
85    5.743e+00    9.968e-01    6.844e+00    1.000e+00    8.040e-01   -4.575e-01   -1.090e+00   -6.423e-01   -1.427e+00   -1.545e+00    6.208e-01    3.237e-01   -4.863e-01
86    6.032e+00    9.976e-01    7.256e+00    1.000e+00    8.079e-01   -4.117e-01   -1.052e+00   -7.069e-01   -1.491e+00   -1.551e+00    9.723e-01    3.218e-01   -4.863e-01
87    5.503e+00    9.959e-01    6.586e+00    9.999e-01    7.436e-01   -3.273e-01   -1.035e+00   -5.992e-01   -1.488e+00   -1.392e+00    5.551e-01    2.534e-01   -4.863e-01
88    5.948e+00    9.974e-01    7.511e+00    1.000e+00    7.258e-01   -7.969e-01   -1.056e+00   -7.050e-01   -1.486e+00   -1.491e+00    7.868e-01    5.086e-01   -4.863e-01
89    5.974e+00    9.975e-01    8.168e+00    1.000e+00    7.941e-01   -6.868e-01   -1.084e+00   -7.264e-01   -1.627e+00   -1.408e+00    6.683e-01    3.964e-01   -4.863e-01
90    5.984e+00    9.975e-01    8.140e+00    1.000e+00    9.712e-01   -7.351e-01   -1.103e+00   -7.184e-01   -1.357e+00   -1.585e+00    5.758e-01    3.122e-01   -4.863e-01
91    6.112e+00    9.978e-01    7.998e+00    1.000e+00    1.078e+00   -6.175e-01   -1.081e+00   -8.140e-01   -1.408e+00   -1.522e+00    7.164e-01    3.743e-01   -4.863e-01
92    6.398e+00    9.983e-01    8.615e+00    1.000e+00    1.311e+00   -8.589e-01   -1.067e+00   -6.219e-01   -1.495e+00   -1.319e+00    7.166e-01    3.085e-01   -4.863e-01
93    6.563e+00    9.986e-01    9.598e+00    1.000e+00    1.436e+00   -4.243e-01   -1.089e+00   -7.005e-01   -1.695e+00   -1.386e+00    7.842e-01    3.642e-01   -4.863e-01
94    6.526e+00    9.985e-01    9.078e+00    1.000e+00    1.603e+00   -2.491e-01   -1.136e+00   -6.994e-01   -1.796e+00   -1.323e+00    5.231e-01    2.303e-01   -4.863e-01
95    6.642e+00    9.987e-01    9.292e+00    1.000e+00    1.575e+00   -2.680e-01   -1.190e+00   -6.088e-01   -1.802e+00   -1.472e+00    5.265e-01    2.368e-01   -4.863e-01
96    6.315e+00    9.982e-01    8.804e+00    1.000e+00    1.466e+00   -4.254e-01   -1.165e+00   -5.523e-01   -1.674e+00   -1.414e+00    2.848e-01   -1.836e-02   -4.863e-01
97    6.214e+00    9.980e-01    8.529e+00    1.000e+00    1.538e+00   -8.000e-02   -1.085e+00   -6.484e-01   -1.687e+00   -1.576e+00    2.066e-01   -9.108e-02   -4.863e-01
98    5.973e+00    9.975e-01    8.537e+00    1.000e+00    1.528e+00    1.955e-01   -1.162e+00   -6.629e-01   -1.622e+00   -1.665e+00    3.114e-02   -9.807e-02   -4.863e-01
99    5.424e+00    9.956e-01    8.222e+00    1.000e+00    1.551e+00    5.854e-01   -1.099e+00   -5.109e-01   -1.466e+00   -1.438e+00    1.019e-02    1.893e-02   -4.863e-01
100    5.687e+00    9.966e-01    8.963e+00    1.000e+00    1.653e+00    2.313e-01   -1.070e+00   -4.871e-01   -1.336e+00   -1.407e+00    2.097e-01    1.061e-01   -4.863e-01
